94	239	13.35	0	64	27.2867	2
94	239	13.84	0	35	18.1288	2
94	239	14.33	0	61	20.3504	2
94	239	14.82	0	17	30.0183	2
94	239	15.31	0	41	18.1766	2
94	239	15.8	0	0	26	2
94	239	16.29	0	22	29.0317	2
94	239	16.78	0	17	16.0343	2
94	239	17.76	0	44	17.215	2
94	239	6.73	0	33.5	9.2	3
94	239	7.23	0	41	8	3
94	239	7.38	0	45.6	10.7	3
94	239	7.64	0	57.1	12.2	3
94	239	7.72	0	58.4	10.3	3
94	239	7.88	0	58.1	11.9	3
94	239	7.91	0	47.3	13.8	3
94	239	9	0	124	17.7	3
94	239	9.72	0	211.8	54.8	3
94	239	7.8	0	29	22	3
94	239	8	0	40	26	3
94	239	8.3	0	58	28	3
94	239	8.5	0	69	25	3
94	239	8.8	0	104	26	3
94	239	9	0	138	27	3
94	239	9.3	0	157	24	3
94	239	9.5	0	200	25	3
94	239	9.8	0	228	30	3
94	239	10	0	233	31	3
94	239	10.3	0	243	32	3
94	239	10.5	0	317	31	3
94	239	10.7	0	355	31	3
94	239	11	0	384	32	3
94	239	11.2	0	389	30	3
94	239	11.5	0	395	32	3
94	239	11.7	0	380	31	3
94	239	12	0	385	31	3
94	239	12.2	0	404	30	3
94	239	12.4	0	396	29	3
94	239	12.7	0	424	31	3
94	239	13	0	427	31	3
94	239	13.2	0	426	31	3
94	239	13.4	0	447	33	3
94	239	13.7	0	425	37	3
94	239	14	0	401	24	3
94	239	14.2	0	425	37	3
94	239	14.5	0	396	37	3
94	239	14.7	0	375	37	3
94	239	15	0	370	37	3
94	239	15.2	0	397	37	3
94	239	15.5	0	332	42	3
94	239	15.7	0	302	40	3
94	239	15.9	0	273	48	3
94	239	16.3	0	275	46	3
94	239	16.5	0	213	46	3
94	239	16.7	0	218	48	3
94	239	17	0	211	47	3
94	239	17.2	0	177	47	3
94	239	17.4	0	196	51	3
94	239	17.7	0	135	49	3
94	239	18	0	146	50	3
94	239	18.2	0	177	55	3
94	239	18.5	0	127	53	3
94	239	18.7	0	143	59	3
94	239	18.9	0	117	60	3
94	239	19.2	0	123	60	3
94	239	7.8	0	29	22	3
94	239	8	0	40	26	3
94	239	8.3	0	58	28	3
94	239	8.5	0	69	25	3
94	239	8.8	0	104	26	3
94	239	9	0	138	27	3
94	239	9.3	0	157	24	3
94	239	9.5	0	200	25	3
94	239	9.8	0	228	30	3
94	239	10	0	233	31	3
94	239	10.3	0	243	32	3
94	239	10.5	0	317	31	3
94	239	10.7	0	355	31	3
94	239	11	0	384	32	3
94	239	11.2	0	389	30	3
94	239	11.5	0	395	32	3
94	239	11.7	0	380	31	3
94	239	12	0	385	31	3
94	239	12.2	0	404	30	3
94	239	12.4	0	396	29	3
94	239	12.7	0	424	31	3
94	239	13	0	427	31	3
94	239	13.2	0	426	31	3
94	239	13.4	0	447	33	3
94	239	13.7	0	425	37	3
94	239	14	0	401	24	3
94	239	14.2	0	425	37	3
94	239	14.5	0	396	37	3
94	239	14.7	0	375	37	3
94	239	15	0	370	37	3
94	239	15.2	0	397	37	3
94	239	15.5	0	332	42	3
94	239	15.7	0	302	40	3
94	239	15.9	0	273	48	3
94	239	16.3	0	275	46	3
94	239	16.5	0	213	46	3
94	239	16.7	0	218	48	3
94	239	17	0	211	47	3
94	239	17.2	0	177	47	3
94	239	17.4	0	196	51	3
94	239	17.7	0	135	49	3
94	239	18	0	146	50	3
94	239	18.2	0	177	55	3
94	239	18.5	0	127	53	3
94	239	18.7	0	143	59	3
94	239	18.9	0	117	60	3
94	239	19.2	0	123	60	3
94	239	6	0	17	4.9	4
94	239	6.2	0	27	4.3	4
94	239	6.34	0	29	3.4	4
94	239	6.5	0	42	3.1	4
94	239	6.74	0	52	5.1	4
94	239	6.98	0	38	4.6	4
94	239	7.23	0	70	4.9	4
94	239	7.47	0	84	5	4
94	239	7.72	0	103	4.8	4
94	239	7.96	0	121	5	4
94	239	8.21	0	141	5.1	4
94	239	8.45	0	166	3.7	4
94	239	8.7	0	207	11	4
94	239	8.94	0	240	11	4
94	239	9.19	0	297	11	4
94	239	9.43	0	369	11	4
94	239	9.68	0	455	19	4
94	239	9.92	0	592	13	4
94	239	10.41	0	917	39	4
94	239	10.9	0	1082	19	4
94	239	11.39	0	1269	51	4
94	239	11.88	0	1336	44	4
94	239	12.37	0	1264	32	4
94	239	12.86	0	1363	85	4
94	239	13.35	0	1571	82	4
94	239	13.84	0	1674	55	4
94	239	14.33	0	1660	70	4
94	239	14.82	0	1402	90	4
94	239	15.31	0	1252	54	4
94	239	15.8	0	946	75	4
94	239	16.29	0	840	84	4
94	239	16.78	0	831	45	4
94	239	17.76	0	536	49	4
94	239	6.73	0	74.6	13.4	4
94	239	7.23	0	96.4	20.8	4
94	239	7.38	0	117.8	19	4
94	239	7.64	0	137.4	23.5	4
94	239	7.72	0	153.5	23.6	4
94	239	7.88	0	150.7	28.2	4
94	239	7.91	0	126.5	24.4	4
94	239	9	0	344.8	53.1	4
94	239	9.72	0	543.1	117.5	4
94	239	6.27	0	32.3	0	4
94	239	7.2	0	96.5	0	4
94	239	8.04	0	204	0	4
94	239	8.8	0	329	0	4
94	239	9.25	0	437	0	4
94	239	9.75	0	567	0	4
94	239	10.2	0	741	0	4
94	239	10.5	0	853	0	4
94	239	10.8	0	992	0	4
94	239	11.1	0	1110	0	4
94	239	11.5	0	1230	0	4
94	239	12	0	1380	0	4
94	239	12.6	0	1490	0	4
94	239	13.5	0	1570	0	4
94	239	14.2	0	1490	0	4
94	239	15.1	0	1300	0	4
94	239	15.6	0	1110	0	4
94	239	16	0	973	0	4
94	239	16.6	0	799	0	4
94	239	17.2	0	646	0	4
94	239	17.9	0	524	0	4
94	239	18.6	0	414	0	4
94	239	19.2	0	326	0	4
94	239	20	0	260	0	4
94	239	21.1	0	216	0	4
94	239	6.03	0	10.76	3.11	4
94	239	6.3	0	14.79	3.22	4
94	239	6.56	0	24.21	5.96	4
94	239	6.89	0	26.9	7.63	4
94	239	7.15	0	36.32	4.3	4
94	239	7.4	0	54.18	5.4	4
94	239	7.66	0	61.83	5.17	4
94	239	8.04	0	64.59	4.59	4
94	239	8.28	0	65.58	5.66	4
94	239	8.59	0	67.27	7.29	4
94	239	8.76	0	69.96	5.18	4
94	239	9.05	0	95.3	6.46	4
94	239	9.34	0	107.62	4.84	4
94	239	9.52	0	139.91	5.38	4
94	239	9.79	0	161.14	8.07	4
94	239	10.02	0	219.28	5.38	4
94	239	10.54	0	344.39	13.56	4
94	239	10.97	0	398.82	8.61	4
94	239	11.49	0	484.3	16.45	4
94	239	11.99	0	484.19	14.53	4
94	239	12.36	0	446.64	10.71	4
94	239	12.93	0	435.87	26.49	4
94	239	13.45	0	445.67	26.59	4
94	239	13.96	0	467.02	14.59	4
94	239	14.4	0	441.26	21.52	4
94	239	14.88	0	323.45	32.29	4
94	239	15.4	0	252.19	18.83	4
94	239	15.84	0	152.19	24.22	4
94	239	16.37	0	172.2	26.91	4
94	239	16.88	0	215.6	13.45	4
94	239	17.83	0	166.82	16.14	4
94	239	6.73	0	12.7	7.1	1
94	239	7.23	0	14.2	1.8	1
94	239	7.38	0	11.1	6.8	1
94	239	7.64	0	19.5	6.9	1
94	239	7.72	0	14.2	4.1	1
94	239	7.88	0	15.7	4.4	1
94	239	7.91	0	11.1	8.9	1
94	239	9	0	31.3	2.9	1
94	239	9.72	0	79.9	29.6	1
92	238	6.58	0	19.1	3.24	1
92	238	6.67	0	28.7	3.24	1
92	238	6.76	0	32.5	2.92	1
92	238	6.85	0	43.7	3.41	1
92	238	6.95	0	45.3	3.24	1
92	238	7.03	0	32.7	3.24	1
92	238	7.09	0	29	3.24	1
92	238	7.1	0	36.3	3.08	1
92	238	7.13	0	22.8	2.92	1
92	238	7.18	0	30.4	4.06	1
92	238	7.19	0	28.2	3.41	1
92	238	7.25	0	26.4	3.57	1
92	238	7.33	0	27.6	3.4	1
92	238	7.39	0	29.2	3.08	1
92	238	7.46	0	35.2	3.4	1
92	238	7.53	0	43.8	4.05	1
92	238	7.61	0	41.6	3.57	1
92	238	7.67	0	65.6	5.19	1
92	238	7.73	0	46.7	3.73	1
92	238	7.79	0	67.9	5.35	1
92	238	7.78	0	43.7	9.2	1
92	238	8.05	0	29.1	0	1
92	238	8.31	0	53.6	0	1
92	238	8.59	0	61.3	0	1
92	238	8.85	0	89.7	0	1
92	238	9.13	0	98.9	6.9	1
92	238	9.42	0	131	0	1
92	238	9.67	0	157	0	1
92	238	9.98	0	191	0	1
92	238	10.2	0	236	0	1
92	238	10.5	0	279	7.66	1
92	238	10.7	0	296	0	1
92	238	11	0	311	0	1
92	238	11.3	0	318	0	1
92	238	11.6	0	280	0	1
92	238	11.8	0	255	7.66	1
92	238	12.1	0	200	0	1
92	238	12.3	0	162	0	1
92	238	12.6	0	144	0	1
92	238	12.9	0	131	0	1
92	238	13.2	0	118	9.96	1
92	238	13.4	0	103	0	1
92	238	13.7	0	85.8	0	1
92	238	14	0	84.3	0	1
92	238	14.2	0	66.7	0	1
92	238	14.5	0	76.6	11.5	1
92	238	14.8	0	72.8	0	1
92	238	15.1	0	52.9	0	1
92	238	15.3	0	49	0	1
92	238	15.6	0	59.8	0	1
92	238	15.9	0	29.1	9.2	1
92	238	16.1	0	24.5	0	1
92	238	16.4	0	20.7	0	1
92	238	16.7	0	16.8	0	1
92	238	16.9	0	19.9	0	1
92	238	17.2	0	7.66	12.2	1
92	238	17.5	0	19.1	0	1
92	238	17.7	0	7.66	0	1
92	238	18	0	19.1	0	1
92	238	6.07	0	10.6	3.2	1
92	238	6.42	0	2.4	1.2	1
92	238	6.73	0	23.2	6.4	1
92	238	6.83	0	3.8	1.2	1
92	238	7.23	0	6.3	3.9	1
92	238	7.38	0	21.9	5.4	1
92	238	7.64	0	21.9	6.9	1
92	238	7.73	0	18.8	4.1	1
92	238	7.88	0	25.4	6.4	1
92	238	9	0	85.1	23.2	1
92	238	6.07	0	9	2.7	1
92	238	6.42	0	2.2	1.1	1
92	238	6.73	0	22.7	6.3	1
92	238	6.83	0	3.7	1.2	1
92	238	7.23	0	6.3	3.9	1
92	238	7.38	0	22.2	5.5	1
92	238	7.64	0	22.6	7.2	1
92	238	7.73	0	19.6	4.3	1
92	238	7.88	0	26.5	6.7	1
92	238	9	0	93.6	22.5	1
92	238	5.6219	0	-0.3062	0.8982	1
92	238	5.7095	0	-1.1772	1.0904	1
92	238	5.8092	0	-0.8908	1.0894	1
92	238	5.9024	0	-0.6063	1.0885	1
92	238	6.0199	0	14.3641	1.472	1
92	238	6.1256	0	23.7544	1.6691	1
92	238	6.229	0	19.1063	1.539	1
92	238	6.3473	0	16.1292	2.8848	1
92	238	6.4638	0	15.4592	3.2042	1
92	238	6.5751	0	21.5822	2.4993	1
92	238	6.6692	0	25.0077	1.473	1
92	238	6.7821	0	24.8494	2.2439	1
92	238	6.8803	0	31.353	2.309	1
92	238	7.0006	0	34.1455	2.4993	1
92	238	7.1121	0	27.3204	2.4381	1
92	238	7.2155	0	35.4921	2.6265	1
92	238	7.326	0	30.0128	2.9489	1
92	238	7.4346	0	35.4299	2.9489	1
92	238	7.545	0	34.3093	3.5907	1
92	238	7.6654	0	41.2683	2.8838	1
92	238	7.7654	0	45.4007	3.3334	1
92	238	7.8654	0	53.6996	3.782	1
92	238	7.963	0	44.05	4.6801	1
92	238	5.60775	0	11.5	1.4	1
92	238	5.7235	0	5.2	1.3	1
92	238	5.8919	0	52.5	4.7	1
92	238	5.9662	0	54.7	4.6	1
92	238	6.08049	0	21.9	1.3	1
92	238	6.22823	0	24.1	4.7	1
92	238	6.3954	0	36.4	2.2	1
92	238	6.4199	0	28.9	2.1	1
92	238	6.5017	0	49.8	4.1	1
92	238	6.51726	0	42	6.9	1
92	238	6.7487	0	30.3	3.2	1
92	238	6.76013	0	64.3	5.4	1
92	238	6.7798	0	55.4	8.4	1
92	238	6.80941	0	42.4	3.6	1
92	238	7.01945	0	52.1	9.6	1
92	238	7.2142	0	44	5	1
92	238	7.24379	0	85	9.8	1
92	238	7.3677	0	93.9	3.6	1
92	238	7.4138	0	49.6	9.4	1
92	238	7.41847	0	48	15	1
92	238	7.63113	0	65.1	8.5	1
92	238	7.72385	0	68.1	5.2	1
92	238	7.77022	0	61.1	6.1	1
92	238	7.8	0	85.2	9	1
92	238	7.8633	0	104	10	1
92	238	7.9145	0	89.2	9.5	1
92	238	8.4848	0	140	26	1
92	238	8.9988	0	177	17	1
92	238	9.7203	0	312	45	1
92	238	10.8292	0	695	58	1
92	238	5.60775	0	12	2	1
92	238	5.7235	0	4.6	2.5	1
92	238	5.8919	0	52.8	4.9	1
92	238	5.9662	0	55.3	4.2	1
92	238	6.08049	0	21.9	1.2	1
92	238	6.22823	0	22.1	5.7	1
92	238	6.3954	0	36.3	2.1	1
92	238	6.4199	0	28.8	1.9	1
92	238	6.5017	0	50.2	4.5	1
92	238	6.51726	0	51	11	1
92	238	6.7487	0	30	3.5	1
92	238	6.76013	0	63.7	4.8	1
92	238	6.7798	0	54	15	1
92	238	6.80941	0	42.6	4.1	1
92	238	7.01945	0	46.1	9.3	1
92	238	7.2142	0	39.9	5.2	1
92	238	7.24379	0	92	11	1
92	238	7.3677	0	93.8	3.1	1
92	238	7.4138	0	47	13	1
92	238	7.41847	0	39	61	1
92	238	7.63113	0	63.9	9.3	1
92	238	7.72385	0	68.2	4.5	1
92	238	7.77022	0	63.5	6.5	1
92	238	7.8	0	85	65	1
92	238	7.8633	0	106.4	8.5	1
92	238	7.9145	0	88.3	9.3	1
92	238	8.4848	0	131	152	1
92	238	8.9988	0	181	62	1
92	238	9.7203	0	318	110	1
92	238	10.8292	0	694	59	1
92	238	10	0.129	21.023	0.07491	3
92	238	20	0.338	26.036	0.08565	3
92	238	8	0	41	28	3
92	238	8.4	0	69	23	3
92	238	8.8	0	91	25	3
92	238	9.2	0	138	24	3
92	238	9.6	0	179	29	3
92	238	10	0	249	26	3
92	238	10.4	0	319	27	3
92	238	10.8	0	349	24	3
92	238	11.1	0	399	29	3
92	238	11.6	0	388	25	3
92	238	11.9	0	401	25	3
92	238	12.3	0	357	25	3
92	238	12.8	0	353	22	3
92	238	13.1	0	390	26	3
92	238	13.6	0	441	29	3
92	238	14	0	419	29	3
92	238	14.4	0	390	29	3
92	238	14.8	0	379	31	3
92	238	15.2	0	313	28	3
92	238	15.6	0	338	28	3
92	238	16	0	296	33	3
92	238	16.4	0	184	35	3
92	238	16.8	0	225	35	3
92	238	17.2	0	195	35	3
92	238	17.6	0	191	36	3
92	238	17.9	0	170	36	3
92	238	18.4	0	42	35	3
92	238	18.8	0	133	36	3
92	238	19.2	0	96	37	3
92	238	19.6	0	109	38	3
92	238	19.9	0	114	41	3
92	238	20.3	0	103	41	3
92	238	20.7	0	46	40	3
92	238	21.1	0	93	45	3
92	238	21.5	0	69	48	3
92	238	22	0	128	50	3
92	238	22.3	0	93	52	3
92	238	22.7	0	149	55	3
92	238	23.2	0	104	53	3
92	238	23.6	0	199	28	3
92	238	23.9	0	89	26	3
92	238	68	0	41	28	3
92	238	8.4	0	69	23	3
92	238	8.8	0	91	25	3
92	238	9.2	0	138	24	3
92	238	9.6	0	179	29	3
92	238	10	0	249	26	3
92	238	10.4	0	319	27	3
92	238	10.8	0	349	24	3
92	238	11.1	0	399	29	3
92	238	11.6	0	388	25	3
92	238	11.9	0	401	25	3
92	238	12.3	0	357	25	3
92	238	12.8	0	353	22	3
92	238	13.1	0	390	2	3
92	238	13.6	0	441	29	3
92	238	14	0	419	29	3
92	238	14.4	0	390	29	3
92	238	14.8	0	379	31	3
92	238	15.2	0	313	28	3
92	238	15.6	0	338	28	3
92	238	16	0	296	33	3
92	238	16.4	0	184	35	3
92	238	16.8	0	225	35	3
92	238	17.2	0	195	35	3
92	238	17.6	0	191	36	3
92	238	17.9	0	170	36	3
92	238	18.4	0	42	35	3
92	238	18.8	0	133	36	3
92	238	19.2	0	96	37	3
92	238	19.6	0	109	38	3
92	238	19.9	0	114	41	3
92	238	20.3	0	103	41	3
92	238	20.7	0	46	40	3
92	238	21.1	0	93	45	3
92	238	21.5	0	69	48	3
92	238	22	0	128	50	3
92	238	22.3	0	93	52	3
92	238	22.7	0	149	55	3
92	238	23.2	0	104	53	3
92	238	23.6	0	199	28	3
92	238	23.9	0	89	26	3
92	238	4.84	0	16.5	1.83371	3
92	238	4.88	0	16.9	1.91471	3
92	238	4.93	0	16.7	1.89708	3
92	238	4.98	0	17.1	1.93238	3
92	238	5.02	0	15.8	1.81835	3
92	238	5.06	0	17.3	1.99822	3
92	238	5.11	0	18.8	2.12941	3
92	238	5.16	0	17.2	1.98957	3
92	238	5.21	0	19.3	2.3843	3
92	238	5.26	0	20.7	2.29889	3
92	238	5.3	0	18.1	2.06787	3
92	238	5.36	0	18.7	2.39727	3
92	238	5.4	0	18.3	2.43082	3
92	238	5.45	0	19.4	2.33529	3
92	238	5.5	0	17.9	2.3354	3
92	238	5.55	0	19.8	2.42495	3
92	238	5.6	0	20.7	2.49898	3
92	238	5.65	0	21.3	2.5489	3
92	238	5.7	0	20.6	2.54825	3
92	238	5.76	0	18.8	2.40508	3
92	238	5.81	0	21.6	2.94374	3
92	238	5.86	0	22.8	2.9679	3
92	238	5.91	0	23.4	3.01423	3
92	238	5.97	0	23.1	3.33108	3
92	238	6.03	0	27.3	3.06805	3
92	238	6.08	0	29.1	3.58861	3
92	238	5.9427	0	3.2383	1.4334	3
92	238	6.0178	0	12.1056	1.5155	3
92	238	6.1171	0	29.7431	2.1907	3
92	238	6.2349	0	25.2223	1.6019	3
92	238	6.3441	0	20.8679	2.1917	3
92	238	6.4554	0	19.8005	2.2771	3
92	238	6.5664	0	25.896	2.6119	3
92	238	6.6709	0	28.7876	1.7705	3
92	238	6.7847	0	30.5018	1.7705	3
92	238	6.8855	0	39.1228	2.6973	3
92	238	6.9983	0	42.4378	3.0354	3
92	238	7.117	0	36.4004	2.7805	3
92	238	7.2222	0	44.854	2.7815	3
92	238	7.329	0	37.6338	2.613	3
92	238	7.4342	0	46.1716	3.3713	3
92	238	7.5403	0	46.5355	3.7937	3
92	238	7.6373	0	54.4814	2.4456	3
92	238	7.7392	0	61.5016	3.0321	3
92	238	7.8482	0	70.6302	3.4556	3
92	238	7.9567	0	60.7138	3.6241	3
92	238	7.83	0	93.22	5.33	4
92	238	8.12	0	88.98	5.08	4
92	238	8.4	0	110.17	6.3	4
92	238	8.62	0	118.64	6.78	4
92	238	8.97	0	169.49	9.69	4
92	238	9.17	0	194.92	11.14	4
92	238	9.46	0	245.76	14.04	4
92	238	9.74	0	300.85	17.19	4
92	238	10.01	0	368.64	21.06	4
92	238	10.27	0	449.15	25.67	4
92	238	10.31	0	449.15	25.67	4
92	238	10.55	0	529.66	30.27	4
92	238	10.82	0	597.46	34.14	4
92	238	11.1	0	622.88	35.59	4
92	238	11.37	0	627.12	35.84	4
92	238	11.65	0	639.83	36.56	4
92	238	11.87	0	656.78	37.53	4
92	238	12.16	0	699.15	39.95	4
92	238	12.44	0	750	42.86	4
92	238	12.66	0	826.27	47.22	4
92	238	12.95	0	877.12	50.12	4
92	238	13.21	0	940.68	53.75	4
92	238	13.52	0	1004.2	57.38	4
92	238	13.74	0	1033.9	59.08	4
92	238	14	0	1038.1	59.32	4
92	238	14.31	0	1021.2	58.35	4
92	238	14.5	0	1004.2	57.38	4
92	238	14.81	0	957.63	54.72	4
92	238	15.07	0	877.12	50.12	4
92	238	15.38	0	809.32	46.25	4
92	238	15.62	0	805.08	46	4
92	238	15.89	0	703.39	40.19	4
92	238	16.17	0	610.17	34.87	4
92	238	16.39	0	567.8	32.45	4
92	238	16.68	0	504.24	28.81	4
92	238	16.98	0	457.63	26.15	4
92	238	17.25	0	427.97	24.46	4
92	238	17.47	0	406.78	23.24	4
92	238	17.73	0	372.88	21.31	4
92	238	18.28	0	296.61	16.95	4
92	238	5.265	0	0.5	0.69089	4
92	238	5.412	0	2.43	0.93559	4
92	238	5.51	0	3.96	0.62485	4
92	238	5.658	0	6.32	0.89673	4
92	238	5.729	0	7.19	0.82208	4
92	238	5.805	0	10.15	1.21046	4
92	238	5.854	0	9.81	1.06191	4
92	238	5.952	0	15.25	1.34002	4
92	238	6.001	0	22.77	1.90867	4
92	238	6.05	0	20.61	1.75539	4
92	238	6.123	0	26.61	2.17866	4
92	238	6.148	0	27.53	2.25447	4
92	238	6.246	0	31.07	2.50356	4
92	238	6.369	0	35.13	2.8005	4
92	238	6.442	0	37.41	3.07404	4
92	238	6.736	0	47.89	3.4396	4
92	238	6.982	0	58.95	4.26047	4
92	238	7.227	0	65.25	4.62547	4
92	238	7.472	0	75.56	5.53467	4
92	238	7.717	0	85.62	6.04015	4
92	238	7.962	0	102.58	7.25268	4
92	238	8.208	0	113.97	8.1348	4
92	238	8.453	0	140.49	9.94804	4
92	238	8.698	0	164.45	11.632	4
92	238	8.943	0	194.04	13.642	4
92	238	9.188	0	235.86	17.0021	4
92	238	9.434	0	302.2	21.26	4
92	238	9.679	0	354.4	25.5351	4
92	238	9.924	0	451.71	31.7232	4
92	238	10.414	0	626.66	43.9694	4
92	238	10.537	0	638.2	45.1188	4
92	238	10.782	0	686.95	48.6405	4
92	238	10.905	0	690.76	49.0638	4
92	238	11.027	0	704.54	49.8595	4
92	238	11.273	0	714.95	50.8653	4
92	238	11.395	0	750.76	53.8464	4
92	238	11.518	0	724.26	51.4752	4
92	238	11.763	0	760.32	53.9369	4
92	238	11.886	0	803.04	57.4503	4
92	238	12.008	0	802.58	56.9632	4
92	238	12.253	0	852.78	60.4648	4
92	238	12.376	0	871.04	61.6393	4
92	238	12.499	0	930.45	65.9269	4
92	238	12.744	0	977.93	69.0095	4
92	238	12.866	0	1021.52	72.9321	4
92	238	12.989	0	1078.28	76.0689	4
92	238	13.234	0	1175.63	83.0353	4
92	238	13.357	0	1122.44	79.9359	4
92	238	13.479	0	1156.6	85.3613	4
92	238	13.847	0	1204.24	84.9719	4
92	238	14.338	0	1221.81	86.8547	4
92	238	14.828	0	1184.4	84.5029	4
92	238	15.318	0	986	70.1969	4
92	238	15.809	0	858.05	63.0637	4
92	238	16.299	0	687.5	52.0124	4
92	238	16.79	0	582.28	42.9845	4
92	238	17.28	0	556.44	43.01	4
92	238	17.77	0	479.56	38.4555	4
92	238	18.261	0	414.75	32.0558	4
92	238	5	0	17.429	6.0812	4
92	238	6	0	23.0769	7.8541	4
92	238	6.99	0	40.0671	7.8368	4
92	238	8	0	80.6081	6.9763	4
92	238	8.98	0	169.117	10.4702	4
92	238	10.01	0	361.404	65.4086	4
92	238	11	0	581.614	174.437	4
92	238	5.5033	0	3.2603	3.0263	4
92	238	5.6018	0	2.6436	2.8831	4
92	238	5.7066	0	1.0194	2.2351	4
92	238	5.7959	0	1.3372	2.4524	4
92	238	5.9108	0	2.3124	2.0919	4
92	238	6.0122	0	23.6911	1.6602	4
92	238	6.1081	0	38.9384	2.1611	4
92	238	6.2114	0	34.5013	2.0919	4
92	238	6.3364	0	27.4032	2.0909	4
92	238	6.4409	0	26.3558	2.2342	4
92	238	6.5449	0	31.5821	1.8756	4
92	238	6.6437	0	35.8692	2.0188	4
92	238	6.7726	0	37.8585	2.238	4
92	238	6.885	0	49.0008	2.164	4
92	238	7.0011	0	53.4378	2.1659	4
92	238	7.1104	0	48.6421	2.6687	4
92	238	7.2241	0	57.4051	2.884	4
92	238	7.342	0	52.8286	2.7417	4
92	238	7.444	0	62.0204	4.327	4
92	238	7.5496	0	64.2185	4.0405	4
92	238	7.6535	0	75.2858	3.7483	4
92	238	7.7666	0	85.3467	4.3991	4
92	238	7.8768	0	95.2623	4.9038	4
92	238	7.974	0	86.0638	4.4019	4
92	238	6.28	0	31.6	0	4
92	238	7.11	0	61	0	4
92	238	7.91	0	116	0	4
92	238	8.57	0	220	0	4
92	238	9.19	0	351	0	4
92	238	9.68	0	464	0	4
92	238	10.1	0	582	0	4
92	238	10.8	0	716	0	4
92	238	11.2	0	812	0	4
92	238	11.7	0	908	0	4
92	238	12.2	0	999	0	4
92	238	12.6	0	1080	0	4
92	238	13.1	0	1160	0	4
92	238	13.5	0	1200	0	4
92	238	14.1	0	1260	0	4
92	238	15	0	1280	0	4
92	238	15.7	0	1220	0	4
92	238	16.3	0	1090	0	4
92	238	16.6	0	892	0	4
92	238	16.8	0	611	0	4
92	238	17.4	0	413	0	4
92	238	18	0	347	0	4
92	238	19.1	0	293	0	4
92	238	20.4	0	286	0	4
92	238	21.5	0	276	0	4
92	238	6.07	0	35.4	0	4
92	238	6.55	0	67.6	0	4
92	238	7.33	0	69.1	0	4
92	238	8.08	0	119.5	0	4
92	238	8.82	0	230	0	4
92	238	9.66	0	468.4	0	4
92	238	9.99	0	735.3	0	4
92	238	11.82	0	900	0	4
92	238	12.96	0	1062.3	0	4
92	238	13.94	0	1115.5	0	4
92	238	14.7	0	1163.3	103.6	4
92	238	15.86	0	1116	0	4
92	238	16.65	0	693.7	0	4
92	238	17.98	0	459.3	0	4
92	238	19.78	0	400	0	4
92	238	21.12	0	382.5	0	4
92	238	22.08	0	398.4	0	4
92	238	23.07	0	438.2	0	4
92	238	23.97	0	499	0	4
92	238	24.86	0	597.6	0	4
92	238	25.97	0	637.4	1149	4
92	238	27.47	0	700	0	4
92	238	27.85	0	676	0	4
92	238	7.8	0	-1	7	2
92	238	8.1	0	6	5.99	2
92	238	8.3	0	-4	5.32	2
92	238	8.6	0	0	4.31	2
92	238	8.9	0	-1	3.31	2
92	238	9.14	0	3	2.5	2
92	238	9.41	0	0	2.6	2
92	238	9.68	0	5	2.7	2
92	238	9.95	0	5	2.8	2
92	238	10.22	0	10	2.9	2
92	238	10.5	0	2	3	2
92	238	10.77	0	9	3.5	2
92	238	11.04	0	12	4	2
92	238	11.31	0	9	4.5	2
92	238	11.58	0	36	5	2
92	238	11.85	0	56	5.5	2
92	238	12.12	0	98	5.7	2
92	238	12.39	0	132	5.9	2
92	238	12.66	0	157	6.1	2
92	238	12.93	0	167	6.29	2
92	238	13.21	0	174	6.5	2
92	238	13.48	0	196	6.6	2
92	238	13.75	0	202	6.7	2
92	238	14.02	0	200	6.8	2
92	238	14.29	0	207	6.9	2
92	238	14.56	0	187	7	2
92	238	14.83	0	173	6.6	2
92	238	15.1	0	171	6.21	2
92	238	15.37	0	144	5.81	2
92	238	15.64	0	143	5.41	2
92	238	15.92	0	139	5	2
92	238	16.19	0	120	6.1	2
92	238	16.46	0	107	7.2	2
92	238	16.73	0	97	8.3	2
92	238	17	0	84	9.4	2
92	238	17.27	0	90	10.5	2
92	238	17.54	0	81	10.5	2
92	238	17.81	0	70	10.5	2
92	238	18.08	0	67	10.5	2
92	238	18.35	0	27	10.5	2
92	238	9.679	0	1.29	2.82145	2
92	238	9.924	0	-0.1	1.18002	2
92	238	10.414	0	0.58	1.39059	2
92	238	10.537	0	1.03	2.91089	2
92	238	10.782	0	1.56	3.36177	2
92	238	10.905	0	0.63	3.76026	2
92	238	11.027	0	-0.25	3.08005	2
92	238	11.273	0	9.18	3.94272	2
92	238	11.395	0	3.47	5.04585	2
92	238	11.518	0	37.16	4.70453	2
92	238	11.763	0	66.32	6.09544	2
92	238	11.886	0	74.8	7.48587	2
92	238	12.008	0	122.46	9.59922	2
92	238	12.253	0	157.83	11.9144	2
92	238	12.376	0	144.28	10.9304	2
92	238	12.499	0	189.06	14.071	2
92	238	12.744	0	216.7	15.7159	2
92	238	12.866	0	216.45	16.5911	2
92	238	12.989	0	244.16	17.6661	2
92	238	13.234	0	270.91	19.677	2
92	238	13.357	0	253.85	19.0876	2
92	238	13.479	0	280.79	23.4067	2
92	238	13.847	0	275.28	19.9229	2
92	238	14.338	0	273.22	20.4217	2
92	238	14.828	0	249.9	19.1167	2
92	238	15.318	0	192.66	14.7647	2
92	238	15.809	0	147.15	13.685	2
92	238	16.299	0	132.06	12.9928	2
92	238	16.79	0	105.11	9.6604	2
92	238	17.28	0	76.82	9.93171	2
92	238	17.77	0	66.85	10.1616	2
92	238	18.261	0	41.76	7.04508	2
92	238	7.76	0	3.06	7.66	2
92	238	8.03	0	5.36	0	2
92	238	8.3	0	-2.3	0	2
92	238	8.58	0	1.53	0	2
92	238	8.86	0	-0.766	0	2
92	238	9.12	0	4.6	0	2
92	238	9.4	0	0.766	0	2
92	238	9.65	0	3.83	0	2
92	238	9.94	0	4.6	0	2
92	238	10.2	0	11.5	0	2
92	238	10.5	0	5.36	0	2
92	238	10.7	0	9.96	0	2
92	238	11	0	13	0	2
92	238	11.3	0	9.96	0	2
92	238	11.5	0	37.5	0	2
92	238	11.8	0	58.2	6.13	2
92	238	12.1	0	101	0	2
92	238	12.4	0	134	0	2
92	238	12.6	0	158	0	2
92	238	12.9	0	172	0	2
92	238	13.2	0	178	5.36	2
92	238	13.4	0	200	0	2
92	238	13.7	0	205	0	2
92	238	14	0	203	0	2
92	238	14.3	0	211	0	2
92	238	14.5	0	190	9.2	2
92	238	14.8	0	177	0	2
92	238	15.1	0	174	0	2
92	238	15.3	0	148	0	2
92	238	15.6	0	148	0	2
92	238	15.9	0	144	7.66	2
92	238	16.1	0	125	0	2
92	238	16.4	0	114	0	2
92	238	16.7	0	102	0	2
92	238	17	0	91.2	0	2
92	238	17.2	0	96.6	10.7	2
92	238	17.5	0	86.6	0	2
92	238	17.8	0	75.9	0	2
92	238	18	0	75.1	0	2
92	238	18.3	0	35.2	0	2
74	186	8.67	0	44	26	4
74	186	8.92	0	53	26	4
74	186	9.23	0	105	25	4
74	186	9.46	0	95	26	4
74	186	9.72	0	61	25	4
74	186	9.96	0	113	29	4
74	186	10.26	0	144	30	4
74	186	10.46	0	203	30	4
74	186	10.73	0	226	29	4
74	186	10.99	0	313	30	4
74	186	11.27	0	302	31	4
74	186	11.47	0	280	31	4
74	186	11.75	0	367	31	4
74	186	11.98	0	391	33	4
74	186	12.31	0	416	32	4
74	186	12.57	0	417	30	4
74	186	12.8	0	405	32	4
74	186	12.99	0	446	30	4
74	186	13.21	0	395	31	4
74	186	13.47	0	449	33	4
74	186	13.72	0	406	33	4
74	186	13.93	0	443	34	4
74	186	14.22	0	402	35	4
74	186	14.49	0	440	36	4
74	186	14.69	0	371	35	4
74	186	14.96	0	417	35	4
74	186	15.19	0	324	36	4
74	186	15.42	0	379	33	4
74	186	15.63	0	297	34	4
74	186	15.94	0	289	37	4
74	186	16	0	295	35	4
74	186	16.42	0	235	36	4
74	186	16.66	0	230	38	4
74	186	16.9	0	241	36	4
74	186	17.18	0	196	39	4
74	186	17.42	0	188	38	4
74	186	17.72	0	127	33	4
74	186	18.19	0	170	42	4
74	186	18.44	0	206	44	4
74	186	18.66	0	150	45	4
74	186	18.92	0	253	27	4
74	186	18.98	0	144	55	4
74	186	9.097	0	46.21	3.75	3
74	186	9.407	0	52.23	3.71	3
74	186	9.717	0	51.67	4.72	3
74	186	10.026	0	65.43	3.12	3
74	186	10.336	0	80.25	3.46	3
74	186	10.646	0	97.51	3.68	3
74	186	10.955	0	136.87	5.47	3
74	186	11.265	0	167.83	5.85	3
74	186	11.42	0	196.22	6.21	3
74	186	11.575	0	217.82	4.3	3
74	186	11.73	0	243.82	6.08	3
74	186	11.885	0	277.57	4.56	3
74	186	12.039	0	302.76	6.74	3
74	186	12.194	0	336.66	5.03	3
74	186	12.349	0	369.21	7.57	3
74	186	12.504	0	366.44	5.37	3
74	186	12.659	0	391.28	7.89	3
74	186	12.814	0	394.08	5.65	3
74	186	12.969	0	386.31	8.05	3
74	186	13.123	0	401.54	5.89	3
74	186	13.278	0	416.52	8.66	3
74	186	13.433	0	423.06	6.13	3
74	186	13.588	0	433.59	9.42	3
74	186	13.743	0	467.98	6.68	3
74	186	13.898	0	499.72	10.79	3
74	186	14.052	0	519.82	7.89	3
74	186	14.207	0	526.4	11.49	3
74	186	14.362	0	555.15	7.85	3
74	186	14.517	0	568.91	12.39	3
74	186	14.672	0	589.92	8.28	3
74	186	14.827	0	610.1	13.38	3
74	186	14.982	0	612.22	8.77	3
74	186	15.136	0	594.95	13.05	3
74	186	15.291	0	599.79	8.83	3
74	186	15.446	0	594.6	14.22	3
74	186	15.601	0	575.79	8.84	3
74	186	15.756	0	604.62	14.79	3
74	186	15.911	0	559.28	9.22	3
74	186	16.066	0	536.45	14.69	3
74	186	16.22	0	525.7	8.97	3
74	186	16.53	0	463.5	10.66	3
74	186	16.84	0	412.89	10.33	3
74	186	17.149	0	388.88	9.73	3
74	186	17.459	0	360.38	9.42	3
74	186	17.769	0	311.91	9.12	3
74	186	18.079	0	276.54	9.81	3
74	186	18.388	0	256.17	10.15	3
74	186	18.698	0	217.56	10.08	3
74	186	19.008	0	213.15	9.91	3
74	186	19.317	0	182.48	9.85	3
74	186	19.627	0	160.47	10.74	3
74	186	19.937	0	154.83	11.13	3
74	186	20.246	0	157.44	11.79	3
74	186	20.556	0	132.34	14.08	3
74	186	20.866	0	133.99	14.18	3
74	186	21.176	0	124.39	16.04	3
74	186	21.485	0	106.26	20.15	3
74	186	21.795	0	93.07	20.57	3
74	186	22.105	0	109.87	14.2	3
74	186	22.414	0	70.86	14.57	3
74	186	22.724	0	99.43	14.46	3
74	186	23.032	0	86.82	15.04	3
74	186	23.343	0	112.35	18.11	3
74	186	23.653	0	96.46	15.25	3
74	186	23.963	0	91.9	17.03	3
74	186	24.273	0	109.64	15.77	3
74	186	24.582	0	104.42	16.8	3
74	186	24.892	0	103.23	15.94	3
74	186	25.202	0	107.38	17.87	3
74	186	25.511	0	99.01	15.92	3
74	186	25.821	0	95.48	17.85	3
74	186	26.131	0	116.57	18.45	3
74	186	26.595	0	84.93	14.04	3
74	186	27.215	0	85.04	11.61	3
74	186	27.834	0	109.33	17.93	3
74	186	28.454	0	84.24	19.06	3
74	186	9	0	45.2	3.3	3
74	186	9.2	0	53.4	4.1	3
74	186	9.4	0	65.8	4.5	3
74	186	9.6	0	78.1	4.9	3
74	186	9.8	0	82.2	4.5	3
74	186	10	0	90.4	6.2	3
74	186	10.2	0	98.6	4.1	3
74	186	10.4	0	115.1	4.9	3
74	186	10.6	0	131.5	5.7	3
74	186	10.8	0	147.9	7.4	3
74	186	11	0	172.6	9	3
74	186	11.2	0	206.3	11.5	3
74	186	11.4	0	234.2	9.9	3
74	186	11.6	0	263	9	3
74	186	11.8	0	291.8	11.5	3
74	186	12	0	323	8.2	3
74	186	12.2	0	337	8.2	3
74	186	12.4	0	374	9.5	3
74	186	12.6	0	396.2	9	3
74	186	12.8	0	411	8.2	3
74	186	13	0	394.5	7.8	3
74	186	13.2	0	414.2	11.9	3
74	186	13.4	0	419.2	13.2	3
74	186	13.6	0	435.6	11.9	3
74	186	13.8	0	452.1	11.9	3
74	186	14	0	503	16.4	3
74	186	14.2	0	535.9	16.4	3
74	186	14.4	0	579.5	16.4	3
74	186	14.6	0	608.2	18.9	3
74	186	14.8	0	649.3	18.1	3
74	186	15	0	661.6	21.4	3
74	186	15.2	0	657.5	18.1	3
74	186	15.4	0	637	20.5	3
74	186	15.6	0	587.7	17.3	3
74	186	15.8	0	526	23.8	3
74	186	16	0	550.7	21.1	3
74	186	16.2	0	538.4	24.7	3
74	186	16.4	0	519.5	21.4	3
74	186	16.6	0	486.6	21	3
74	186	16.8	0	472.6	20.5	3
74	186	17	0	450.4	20.5	3
74	186	17.2	0	420	27.1	3
74	186	17.4	0	423.3	20.1	3
74	186	17.6	0	384.7	26.1	3
74	186	17.8	0	394.3	23.5	3
74	186	18	0	328.8	25.1	3
74	186	18.2	0	345.3	27.7	3
74	186	18.4	0	341.9	28.8	3
74	186	18.6	0	305.8	30.4	3
74	186	18.8	0	295.9	26.3	3
74	186	19	0	308.1	32	3
74	186	19.2	0	242.5	31.2	3
74	186	19.4	0	180.8	33.8	3
74	186	7.26	0	7.4	1.41683	1
74	186	7.33	0	15.7	1.48661	1
74	186	7.36	0	14.3	1.02956	1
74	186	7.51	0	19.6	1.253	1
74	186	7.72	0	23.7	1.56525	1
74	186	7.79	0	21.1	1.52643	1
74	186	7.88	0	25	1.61555	1
74	186	8.2	0	27.6	1.83576	1
74	186	8.63	0	35.7	2.24722	1
74	186	8.67	0	35.5	2.28473	1
74	186	8.91	0	38.8	2.40416	1
74	186	9.34	0	46.3	2.81603	1
74	186	9.96	0	67.1	4.11096	1
74	186	10.35	0	88.7	5.33667	1
74	186	10.87	0	122	7.28011	1
74	184	8.77	0	48	28.8	4
74	184	9.04	0	35	28	4
74	184	9.32	0	34.4	30.4	4
74	184	9.54	0	85.6	30.4	4
74	184	9.8	0	102.4	32	4
74	184	10.06	0	166.4	32	4
74	184	10.25	0	151	31	4
74	184	10.5	0	188	32	4
74	184	10.8	0	222.4	32	4
74	184	11.01	0	337	30.4	4
74	184	11.24	0	367	30.4	4
74	184	11.51	0	343	28.8	4
74	184	11.79	0	415	31	4
74	184	12.02	0	416	35	4
74	184	12.23	0	397	32.8	4
74	184	12.46	0	412	33.6	4
74	184	12.69	0	399	33.6	4
74	184	12.96	0	399	32.8	4
74	184	13.14	0	366	33.6	4
74	184	13.41	0	405	37.6	4
74	184	13.65	0	359	33.6	4
74	184	13.95	0	372	34.4	4
74	184	14.18	0	381	33.6	4
74	184	14.44	0	407	34.4	4
74	184	14.61	0	356	36	4
74	184	14.86	0	399	36.8	4
74	184	15.12	0	379	37.6	4
74	184	15.42	0	367	36	4
74	184	15.6	0	298	34.4	4
74	184	15.89	0	260	38.4	4
74	184	16.13	0	294	37.6	4
74	184	16.4	0	262	38.4	4
74	184	16.65	0	251	40.8	4
74	184	16.96	0	216	43	4
74	184	17.13	0	258	41.6	4
74	184	17.39	0	131	44	4
74	184	17.64	0	100.8	45.6	4
74	184	9	0	46	4	3
74	184	9.2	0	51	4.5	3
74	184	9.4	0	57.5	4.5	3
74	184	9.6	0	64.9	4.9	3
74	184	9.8	0	74	5.3	3
74	184	10	0	89.6	5.3	3
74	184	10.2	0	98.6	4.9	3
74	184	10.4	0	114.7	7.4	3
74	184	10.6	0	147.1	6.6	3
74	184	10.8	0	165.2	4.9	3
74	184	11	0	180.8	4.1	3
74	184	11.2	0	213.7	7.8	3
74	184	11.4	0	234.2	8.2	3
74	184	11.6	0	254.8	8.2	3
74	184	11.8	0	300	11.5	3
74	184	12	0	320.1	9	3
74	184	12.2	0	357.5	11.5	3
74	184	12.4	0	387.9	9.9	3
74	184	12.6	0	392.9	11.9	3
74	184	12.8	0	379.7	11.9	3
74	184	13	0	374.8	11.5	3
74	184	13.2	0	369.9	9	3
74	184	13.4	0	346.8	13.2	3
74	184	13.6	0	345.2	11.5	3
74	184	13.8	0	371.5	11.5	3
74	184	14	0	411	11.9	3
74	184	14.2	0	482.5	14	3
74	184	14.4	0	472.6	13	3
74	184	14.6	0	540	18	3
74	184	14.8	0	575.3	19.7	3
74	184	15	0	600	20.5	3
74	184	15.2	0	624.7	20.5	3
74	184	15.4	0	657.6	17.3	3
74	184	15.6	0	661.6	21.4	3
74	184	15.8	0	642.7	23	3
74	184	16	0	623.8	18.1	3
74	184	16.2	0	581.1	18.1	3
74	184	16.4	0	559	18.9	3
74	184	16.6	0	535.9	17.3	3
74	184	16.8	0	509.6	19.7	3
74	184	17	0	493.2	23.8	3
74	184	17.2	0	480.8	24.7	3
74	184	17.4	0	460.3	27.1	3
74	184	17.6	0	452.1	27.1	3
74	184	17.8	0	437.3	25.5	3
74	184	18	0	411	25.5	3
74	184	18.2	0	423.3	24.7	3
74	184	18.4	0	390.4	23.8	3
74	184	18.6	0	378.1	27.9	3
74	184	18.8	0	361.6	28.8	3
74	184	19	0	341.1	32.8	3
74	184	19.2	0	287.7	27.9	3
94	239	12.86	0	5	28.0017	2

74	184	19.4	0	271.2	28.8	3