95.000000  230.000000  0.174000  7.590000  0.777000  0.092400
95.000000  231.000000  0.177000  7.590000  -0.409000  0.369000
95.000000  232.000000  0.181000  7.590000  1.050000  0.636000
95.000000  233.000000  0.185000  7.580000  -0.086900  0.958000
95.000000  234.000000  0.188000  7.580000  1.370000  1.280000
95.000000  235.000000  0.191000  7.570000  0.193000  1.560000
95.000000  239.000000  0.205000  7.550000  7.100000  3.020000
95.000000  240.000000  0.208000  7.550000  5.950000  13.100000
95.000000  241.000000  0.212000  7.540000  6.650000  12.600000
95.000000  242.000000  0.215000  7.530000  5.540000  12.200000
95.000000  243.000000  0.218000  7.530000  6.360000  11.900000
95.000000  244.000000  0.221000  7.520000  5.370000  11.700000
94.000000  230.000000  0.183000  7.590000  8.530000  15.300000
94.000000  231.000000  0.186000  7.590000  6.700000  15.200000
94.000000  232.000000  0.190000  7.590000  8.020000  14.700000
94.000000  233.000000  0.193000  7.580000  6.380000  14.400000
94.000000  234.000000  0.197000  7.580000  7.770000  14.200000
94.000000  235.000000  0.200000  7.580000  6.240000  14.000000
94.000000  236.000000  0.203000  7.580000  7.350000  13.600000
94.000000  237.000000  0.207000  7.570000  5.880000  13.200000
94.000000  238.000000  0.210000  7.570000  7.000000  12.900000
94.000000  239.000000  0.213000  7.560000  5.650000  12.600000
94.000000  240.000000  0.217000  7.560000  6.530000  12.200000
94.000000  241.000000  0.220000  7.550000  5.240000  11.800000
94.000000  242.000000  0.223000  7.540000  6.310000  11.600000
93.000000  228.000000  0.184000  7.600000  7.040000  1.050000
93.000000  229.000000  0.188000  7.610000  7.890000  14.900000
93.000000  230.000000  0.191000  7.600000  6.610000  14.500000
93.000000  231.000000  0.195000  7.600000  7.680000  14.300000
93.000000  232.000000  0.198000  7.610000  1.870000  2.270000
93.000000  233.000000  0.202000  7.600000  0.721000  13.800000
93.000000  234.000000  0.205000  7.590000  6.070000  2.750000
93.000000  235.000000  0.209000  7.590000  6.980000  13.000000
93.000000  236.000000  0.212000  7.580000  5.740000  12.700000
93.000000  237.000000  0.215000  7.570000  6.580000  12.300000
93.000000  238.000000  0.218000  7.570000  5.490000  12.100000
93.000000  239.000000  0.222000  7.560000  6.210000  11.700000
93.000000  240.000000  0.225000  7.550000  5.070000  11.300000
92.000000  227.000000  0.189000  7.630000  6.350000  14.500000
92.000000  228.000000  0.193000  7.630000  7.890000  14.200000
92.000000  229.000000  0.197000  7.620000  6.080000  14.000000
92.000000  230.000000  0.200000  7.620000  7.670000  13.700000
92.000000  231.000000  0.203000  7.610000  5.880000  13.500000
92.000000  232.000000  0.207000  7.610000  7.270000  13.100000
92.000000  233.000000  0.210000  7.600000  5.760000  13.000000
92.000000  234.000000  0.214000  7.600000  6.850000  12.600000
92.000000  235.000000  0.217000  7.590000  5.300000  12.100000
92.000000  236.000000  0.220000  7.590000  6.550000  11.800000
92.000000  237.000000  0.224000  7.580000  5.130000  11.700000
92.000000  238.000000  0.227000  7.570000  6.150000  11.300000
91.000000  226.000000  0.195000  7.640000  6.380000  14.000000
91.000000  227.000000  0.198000  7.640000  7.270000  13.700000
91.000000  229.000000  0.205000  7.630000  7.100000  13.100000
91.000000  230.000000  0.209000  7.620000  5.790000  12.900000
91.000000  231.000000  0.212000  7.620000  6.820000  12.600000
91.000000  232.000000  0.216000  7.610000  5.550000  12.400000
91.000000  233.000000  0.219000  7.600000  6.530000  12.100000
91.000000  234.000000  0.222000  7.590000  5.220000  11.800000
91.000000  235.000000  0.226000  7.590000  6.120000  11.300000
91.000000  236.000000  0.229000  7.580000  5.030000  11.100000
90.000000  225.000000  0.200000  7.660000  5.750000  13.200000
90.000000  226.000000  0.204000  7.660000  7.180000  12.900000
90.000000  227.000000  0.207000  7.650000  5.460000  12.600000
90.000000  228.000000  0.211000  7.650000  7.110000  12.600000
90.000000  229.000000  0.214000  7.630000  5.260000  12.400000
90.000000  230.000000  0.217000  7.630000  6.790000  12.100000
90.000000  231.000000  0.221000  7.620000  5.120000  11.900000
90.000000  232.000000  0.224000  7.620000  6.440000  11.600000
90.000000  233.000000  0.227000  7.600000  4.790000  11.200000
90.000000  234.000000  0.231000  7.600000  6.190000  11.000000
89.000000  223.000000  0.202000  7.680000  6.870000  12.800000
89.000000  224.000000  0.205000  7.670000  5.660000  12.500000
89.000000  225.000000  0.209000  7.670000  6.670000  12.300000
89.000000  226.000000  0.212000  7.660000  5.400000  12.100000
89.000000  227.000000  0.216000  7.650000  6.530000  11.900000
89.000000  228.000000  0.219000  7.640000  5.030000  11.600000
89.000000  229.000000  0.223000  7.630000  6.280000  11.300000
89.000000  231.000000  0.229000  7.620000  6.150000  11.100000
89.000000  232.000000  0.233000  7.600000  4.680000  10.800000
88.000000  213.000000  0.174000  7.750000  7.530000  16.600000
88.000000  223.000000  0.211000  7.690000  5.160000  11.900000
88.000000  224.000000  0.214000  7.680000  6.480000  11.600000
88.000000  225.000000  0.218000  7.670000  4.900000  11.400000
88.000000  226.000000  0.221000  7.660000  6.400000  11.300000
88.000000  227.000000  0.225000  7.650000  4.560000  11.000000
88.000000  228.000000  0.228000  7.640000  6.310000  10.900000
88.000000  229.000000  0.231000  7.630000  4.450000  10.800000
87.000000  210.000000  0.171000  7.760000  7.630000  16.800000
87.000000  211.000000  0.175000  7.770000  8.880000  16.500000
87.000000  212.000000  0.179000  7.770000  7.450000  16.300000
87.000000  221.000000  0.213000  7.700000  6.280000  11.500000
87.000000  222.000000  0.216000  7.690000  4.970000  11.200000
87.000000  223.000000  0.220000  7.680000  6.070000  11.000000
87.000000  224.000000  0.223000  7.670000  4.710000  10.800000
87.000000  225.000000  0.227000  7.660000  6.000000  10.700000
87.000000  227.000000  0.233000  7.640000  5.910000  10.300000
86.000000  204.000000  0.157000  7.780000  9.890000  17.800000
86.000000  205.000000  0.161000  7.780000  7.810000  17.700000
86.000000  206.000000  0.165000  7.790000  9.490000  17.300000
86.000000  207.000000  0.169000  7.790000  7.570000  17.100000
86.000000  208.000000  0.173000  7.790000  9.090000  16.700000
86.000000  209.000000  0.177000  7.790000  7.360000  16.400000
86.000000  210.000000  0.181000  7.800000  8.740000  16.100000
86.000000  211.000000  0.185000  7.790000  7.220000  16.000000
86.000000  212.000000  0.189000  7.790000  7.980000  15.200000
86.000000  221.000000  0.222000  7.700000  4.210000  10.500000
86.000000  222.000000  0.225000  7.690000  6.170000  10.400000
86.000000  223.000000  0.229000  7.680000  4.050000  10.200000
86.000000  225.000000  0.236000  7.650000  3.980000  10.000000
86.000000  226.000000  0.239000  7.650000  5.860000  9.840000
85.000000  201.000000  0.154000  7.790000  9.870000  18.100000
85.000000  203.000000  0.163000  7.800000  9.640000  17.500000
85.000000  204.000000  0.167000  7.800000  7.780000  17.400000
85.000000  205.000000  0.171000  7.810000  9.170000  17.000000
85.000000  206.000000  0.175000  7.810000  7.530000  16.700000
85.000000  207.000000  0.179000  7.810000  8.870000  16.400000
85.000000  208.000000  0.183000  7.810000  7.310000  16.200000
85.000000  209.000000  0.187000  7.810000  8.480000  15.800000
85.000000  210.000000  0.190000  7.810000  7.160000  15.600000
85.000000  211.000000  0.194000  7.810000  7.750000  14.900000
85.000000  220.000000  0.227000  7.700000  4.090000  9.870000
85.000000  221.000000  0.231000  7.690000  5.660000  9.760000
85.000000  224.000000  0.241000  7.650000  3.790000  9.380000
84.000000  198.000000  0.152000  7.820000  10.200000  18.100000
84.000000  199.000000  0.156000  7.820000  7.810000  18.000000
84.000000  200.000000  0.160000  7.830000  9.800000  17.600000
84.000000  201.000000  0.164000  7.830000  7.650000  17.500000
84.000000  202.000000  0.168000  7.830000  9.490000  17.100000
84.000000  203.000000  0.172000  7.830000  7.440000  16.900000
84.000000  204.000000  0.176000  7.840000  9.100000  16.500000
84.000000  205.000000  0.180000  7.840000  7.250000  16.400000
84.000000  206.000000  0.184000  7.840000  8.740000  16.000000
84.000000  207.000000  0.188000  7.840000  7.030000  15.800000
84.000000  208.000000  0.192000  7.840000  8.400000  15.400000
84.000000  209.000000  0.196000  7.840000  6.970000  15.400000
84.000000  210.000000  0.200000  7.830000  7.660000  14.600000
84.000000  218.000000  0.229000  7.730000  5.600000  9.570000
84.000000  219.000000  0.233000  7.710000  3.750000  9.340000
84.000000  221.000000  0.240000  7.680000  3.560000  9.050000
84.000000  222.000000  0.243000  7.670000  5.360000  8.920000
83.000000  193.000000  0.140000  7.820000  10.400000  18.800000
83.000000  196.000000  0.153000  7.830000  8.050000  18.100000
83.000000  197.000000  0.157000  7.840000  9.750000  17.800000
83.000000  198.000000  0.162000  7.840000  7.750000  17.500000
83.000000  200.000000  0.170000  7.850000  7.640000  17.100000
83.000000  202.000000  0.178000  7.850000  7.400000  16.500000
83.000000  203.000000  0.182000  7.860000  8.850000  16.300000
83.000000  204.000000  0.186000  7.850000  7.190000  16.000000
83.000000  205.000000  0.190000  7.860000  8.490000  15.700000
83.000000  206.000000  0.194000  7.850000  7.040000  15.500000
83.000000  207.000000  0.198000  7.850000  8.100000  15.100000
83.000000  208.000000  0.202000  7.850000  6.890000  15.000000
83.000000  209.000000  0.206000  7.850000  7.460000  14.300000
83.000000  210.000000  0.210000  7.830000  4.600000  12.100000
83.000000  211.000000  0.213000  7.820000  5.140000  9.740000
83.000000  212.000000  0.217000  7.800000  4.330000  9.470000
83.000000  213.000000  0.221000  7.790000  5.190000  9.520000
83.000000  214.000000  0.224000  7.770000  4.040000  9.230000
83.000000  215.000000  0.228000  7.760000  5.240000  9.280000
83.000000  216.000000  0.231000  7.740000  3.830000  9.070000
83.000000  217.000000  0.235000  7.730000  5.220000  9.040000
82.000000  191.000000  0.141000  7.840000  7.890000  18.500000
82.000000  192.000000  0.146000  7.850000  10.400000  18.300000
82.000000  194.000000  0.155000  7.870000  10.100000  17.800000
82.000000  197.000000  0.168000  7.870000  7.470000  17.200000
82.000000  198.000000  0.172000  7.880000  9.390000  16.900000
82.000000  200.000000  0.180000  7.880000  9.090000  16.300000
82.000000  201.000000  0.184000  7.880000  7.090000  16.200000
82.000000  202.000000  0.188000  7.880000  8.740000  15.800000
82.000000  203.000000  0.192000  7.880000  6.920000  15.700000
82.000000  204.000000  0.196000  7.880000  8.390000  15.300000
82.000000  205.000000  0.200000  7.870000  6.730000  15.100000
82.000000  206.000000  0.204000  7.880000  8.090000  14.800000
82.000000  207.000000  0.208000  7.870000  6.740000  14.800000
82.000000  208.000000  0.212000  7.870000  7.370000  14.100000
82.000000  209.000000  0.215000  7.850000  3.940000  11.300000
82.000000  210.000000  0.219000  7.840000  5.190000  9.120000
82.000000  211.000000  0.223000  7.820000  3.840000  9.020000
82.000000  212.000000  0.226000  7.800000  5.130000  8.960000
82.000000  213.000000  0.230000  7.790000  3.730000  8.850000
82.000000  214.000000  0.234000  7.770000  5.050000  8.780000
82.000000  215.000000  0.237000  7.750000  3.550000  8.600000
81.000000  189.000000  0.143000  7.870000  10.400000  18.300000
81.000000  190.000000  0.147000  7.870000  7.830000  18.200000
81.000000  192.000000  0.156000  7.880000  7.660000  17.600000
81.000000  193.000000  0.161000  7.890000  9.680000  17.300000
81.000000  194.000000  0.165000  7.880000  7.530000  17.200000
81.000000  195.000000  0.169000  7.890000  9.290000  16.800000
81.000000  196.000000  0.173000  7.890000  7.410000  16.700000
81.000000  197.000000  0.178000  7.890000  8.920000  16.300000
81.000000  198.000000  0.182000  7.890000  7.260000  16.200000
81.000000  199.000000  0.186000  7.890000  8.600000  15.900000
81.000000  200.000000  0.190000  7.890000  7.060000  15.700000
81.000000  201.000000  0.194000  7.890000  8.200000  15.300000
81.000000  202.000000  0.198000  7.890000  6.870000  15.100000
81.000000  203.000000  0.202000  7.890000  7.850000  14.700000
81.000000  204.000000  0.206000  7.880000  6.660000  14.500000
81.000000  205.000000  0.210000  7.880000  7.550000  14.200000
81.000000  206.000000  0.214000  7.870000  6.500000  14.000000
81.000000  207.000000  0.217000  7.870000  6.850000  13.400000
81.000000  208.000000  0.221000  7.850000  3.790000  10.600000
81.000000  209.000000  0.225000  7.830000  4.970000  8.750000
81.000000  210.000000  0.229000  7.810000  3.670000  8.640000
80.000000  186.000000  0.140000  7.890000  10.400000  18.300000
80.000000  187.000000  0.144000  7.890000  7.650000  18.100000
80.000000  188.000000  0.149000  7.900000  10.200000  17.800000
80.000000  189.000000  0.153000  7.900000  7.500000  17.700000
80.000000  190.000000  0.158000  7.910000  9.820000  17.300000
80.000000  192.000000  0.167000  7.910000  9.490000  16.800000
80.000000  193.000000  0.171000  7.910000  7.120000  16.600000
80.000000  194.000000  0.175000  7.910000  9.190000  16.300000
80.000000  195.000000  0.179000  7.910000  6.900000  16.100000
80.000000  196.000000  0.184000  7.910000  8.880000  15.800000
80.000000  197.000000  0.188000  7.910000  6.790000  15.700000
80.000000  198.000000  0.192000  7.910000  8.490000  15.300000
80.000000  199.000000  0.196000  7.910000  6.660000  15.100000
80.000000  200.000000  0.200000  7.910000  8.030000  14.700000
80.000000  201.000000  0.204000  7.900000  6.230000  14.300000
80.000000  202.000000  0.208000  7.900000  7.750000  14.000000
80.000000  203.000000  0.212000  7.890000  6.000000  13.700000
80.000000  204.000000  0.216000  7.890000  7.490000  13.500000
80.000000  205.000000  0.220000  7.870000  5.670000  13.200000
80.000000  206.000000  0.223000  7.870000  6.730000  12.400000
80.000000  207.000000  0.227000  7.850000  3.610000  10.300000
79.000000  185.000000  0.146000  7.910000  9.610000  17.800000
79.000000  186.000000  0.151000  7.910000  7.930000  17.500000
79.000000  187.000000  0.155000  7.920000  9.380000  17.300000
79.000000  188.000000  0.160000  7.910000  7.410000  16.800000
79.000000  189.000000  0.164000  7.920000  9.280000  16.700000
79.000000  190.000000  0.168000  7.920000  7.320000  16.600000
79.000000  191.000000  0.173000  7.920000  9.040000  16.400000
79.000000  192.000000  0.177000  7.920000  7.050000  16.100000
79.000000  193.000000  0.181000  7.920000  8.700000  15.700000
79.000000  194.000000  0.186000  7.920000  6.880000  15.600000
79.000000  195.000000  0.190000  7.920000  8.430000  15.300000
79.000000  196.000000  0.194000  7.910000  6.640000  15.100000
79.000000  197.000000  0.198000  7.920000  8.070000  14.700000
79.000000  198.000000  0.202000  7.910000  6.510000  14.600000
79.000000  199.000000  0.206000  7.910000  7.580000  14.100000
79.000000  200.000000  0.210000  7.900000  6.220000  13.800000
79.000000  201.000000  0.214000  7.900000  7.230000  13.400000
78.000000  182.000000  0.143000  7.930000  9.860000  17.900000
78.000000  183.000000  0.148000  7.930000  7.680000  17.500000
78.000000  184.000000  0.152000  7.940000  9.630000  17.300000
78.000000  185.000000  0.157000  7.940000  7.430000  17.100000
78.000000  186.000000  0.161000  7.950000  9.250000  16.700000
78.000000  187.000000  0.166000  7.940000  6.890000  16.100000
78.000000  188.000000  0.170000  7.950000  9.210000  16.100000
78.000000  189.000000  0.175000  7.940000  6.720000  15.900000
78.000000  190.000000  0.179000  7.950000  8.910000  15.600000
78.000000  191.000000  0.183000  7.940000  6.460000  15.400000
78.000000  192.000000  0.188000  7.940000  8.660000  15.100000
78.000000  193.000000  0.192000  7.930000  6.260000  14.900000
78.000000  194.000000  0.196000  7.940000  8.350000  14.600000
78.000000  195.000000  0.200000  7.930000  6.110000  14.500000
78.000000  196.000000  0.204000  7.930000  7.920000  14.000000
78.000000  197.000000  0.208000  7.920000  5.850000  13.800000
78.000000  198.000000  0.212000  7.910000  7.560000  13.400000
78.000000  199.000000  0.216000  7.900000  5.560000  13.100000
78.000000  200.000000  0.220000  7.900000  7.280000  12.800000
78.000000  201.000000  0.224000  7.890000  5.210000  12.500000
77.000000  180.000000  0.144000  7.950000  7.970000  17.900000
77.000000  181.000000  0.149000  7.960000  9.560000  17.500000
77.000000  182.000000  0.154000  7.950000  7.660000  17.200000
77.000000  184.000000  0.163000  7.960000  7.480000  16.700000
77.000000  185.000000  0.168000  7.960000  8.800000  16.300000
77.000000  186.000000  0.172000  7.960000  6.910000  15.700000
77.000000  187.000000  0.176000  7.960000  8.450000  15.400000
77.000000  188.000000  0.181000  7.950000  6.870000  15.300000
77.000000  189.000000  0.185000  7.960000  8.180000  15.000000
77.000000  190.000000  0.189000  7.950000  6.380000  14.600000
77.000000  191.000000  0.194000  7.950000  8.030000  14.400000
77.000000  192.000000  0.198000  7.940000  6.200000  14.200000
77.000000  193.000000  0.202000  7.940000  7.770000  14.000000
77.000000  194.000000  0.206000  7.930000  6.070000  13.800000
77.000000  195.000000  0.210000  7.920000  7.230000  13.300000
77.000000  197.000000  0.218000  7.910000  6.900000  12.700000
76.000000  175.000000  0.131000  7.960000  8.180000  18.800000
76.000000  176.000000  0.136000  7.970000  10.100000  18.200000
76.000000  177.000000  0.141000  7.970000  7.930000  18.000000
76.000000  178.000000  0.146000  7.980000  9.660000  17.600000
76.000000  179.000000  0.151000  7.980000  7.550000  17.200000
76.000000  180.000000  0.156000  7.990000  9.410000  17.000000
76.000000  182.000000  0.165000  7.990000  9.130000  16.400000
76.000000  183.000000  0.169000  7.990000  7.130000  16.300000
76.000000  184.000000  0.174000  7.990000  8.660000  15.800000
76.000000  185.000000  0.178000  7.980000  6.620000  15.300000
76.000000  186.000000  0.183000  7.980000  8.270000  14.900000
76.000000  187.000000  0.187000  7.970000  6.290000  14.600000
76.000000  188.000000  0.191000  7.970000  7.990000  14.300000
76.000000  189.000000  0.196000  7.960000  5.920000  13.900000
76.000000  190.000000  0.200000  7.960000  7.790000  13.700000
76.000000  191.000000  0.204000  7.950000  5.760000  13.600000
76.000000  192.000000  0.208000  7.950000  7.560000  13.300000
76.000000  193.000000  0.212000  7.940000  5.580000  13.100000
76.000000  194.000000  0.216000  7.930000  7.110000  12.700000
76.000000  195.000000  0.221000  7.920000  5.150000  12.300000
76.000000  196.000000  0.224000  7.910000  6.840000  12.000000
75.000000  173.000000  0.133000  7.980000  10.100000  18.400000
75.000000  174.000000  0.138000  7.990000  8.190000  18.300000
75.000000  175.000000  0.143000  7.990000  9.690000  17.900000
75.000000  176.000000  0.148000  7.990000  7.850000  17.500000
75.000000  178.000000  0.157000  8.000000  7.460000  16.700000
75.000000  179.000000  0.162000  8.000000  9.000000  16.500000
75.000000  180.000000  0.167000  8.000000  7.320000  16.300000
75.000000  181.000000  0.171000  8.000000  8.750000  16.100000
75.000000  182.000000  0.176000  8.000000  7.000000  15.800000
75.000000  183.000000  0.180000  8.000000  8.430000  15.400000
75.000000  184.000000  0.185000  7.990000  6.480000  14.900000
75.000000  185.000000  0.189000  7.990000  7.670000  14.200000
75.000000  186.000000  0.194000  7.980000  6.180000  13.900000
75.000000  187.000000  0.198000  7.980000  7.360000  13.500000
75.000000  188.000000  0.202000  7.970000  5.870000  13.200000
75.000000  189.000000  0.206000  7.960000  7.030000  12.900000
75.000000  190.000000  0.211000  7.950000  5.730000  12.800000
75.000000  191.000000  0.215000  7.940000  6.790000  12.500000
74.000000  170.000000  0.129000  8.010000  10.400000  18.500000
74.000000  171.000000  0.135000  8.010000  7.870000  18.300000
74.000000  172.000000  0.140000  8.020000  10.100000  17.900000
74.000000  173.000000  0.145000  8.020000  7.700000  17.800000
74.000000  174.000000  0.149000  8.030000  9.570000  17.300000
74.000000  175.000000  0.154000  8.020000  7.480000  17.000000
74.000000  176.000000  0.159000  8.030000  9.080000  16.600000
74.000000  178.000000  0.169000  8.030000  8.780000  15.900000
74.000000  179.000000  0.173000  8.020000  6.960000  15.700000
74.000000  180.000000  0.178000  8.030000  8.410000  15.400000
74.000000  181.000000  0.182000  8.020000  6.670000  15.100000
74.000000  182.000000  0.187000  8.020000  8.080000  14.800000
74.000000  183.000000  0.191000  8.010000  6.190000  14.300000
74.000000  184.000000  0.196000  8.010000  7.410000  13.600000
74.000000  185.000000  0.200000  7.990000  5.750000  13.200000
74.000000  186.000000  0.204000  7.990000  7.190000  12.900000
74.000000  187.000000  0.209000  7.980000  5.470000  12.700000
74.000000  188.000000  0.213000  7.970000  6.840000  12.300000
74.000000  189.000000  0.217000  7.950000  5.020000  11.900000
74.000000  190.000000  0.221000  7.950000  6.840000  11.900000
73.000000  167.000000  0.126000  8.020000  10.300000  18.600000
73.000000  168.000000  0.131000  8.020000  8.110000  18.400000
73.000000  169.000000  0.136000  8.030000  9.970000  18.100000
73.000000  170.000000  0.141000  8.030000  7.920000  17.900000
73.000000  171.000000  0.146000  8.040000  9.650000  17.600000
73.000000  172.000000  0.151000  8.040000  7.680000  17.300000
73.000000  173.000000  0.156000  8.040000  9.140000  16.800000
73.000000  174.000000  0.161000  8.040000  7.420000  16.600000
73.000000  175.000000  0.166000  8.040000  8.740000  16.200000
73.000000  176.000000  0.170000  8.040000  7.030000  15.800000
73.000000  177.000000  0.175000  8.040000  8.420000  15.400000
73.000000  179.000000  0.184000  8.030000  0.020900  14.800000
73.000000  180.000000  0.189000  8.030000  6.650000  1.720000
73.000000  181.000000  0.193000  8.020000  7.580000  14.200000
73.000000  182.000000  0.198000  8.010000  6.060000  13.600000
73.000000  183.000000  0.202000  8.010000  6.930000  13.000000
73.000000  184.000000  0.207000  7.990000  5.620000  12.600000
73.000000  185.000000  0.211000  7.990000  6.630000  12.200000
73.000000  186.000000  0.215000  7.970000  5.280000  11.900000
73.000000  187.000000  0.219000  7.960000  6.360000  11.600000
72.000000  166.000000  0.133000  8.060000  10.300000  18.200000
72.000000  167.000000  0.138000  8.050000  7.680000  18.000000
72.000000  168.000000  0.143000  8.070000  9.960000  17.600000
72.000000  169.000000  0.148000  8.060000  7.430000  17.400000
72.000000  170.000000  0.153000  8.070000  9.610000  17.000000
72.000000  171.000000  0.158000  8.070000  7.250000  16.900000
72.000000  172.000000  0.163000  8.070000  9.040000  16.300000
72.000000  173.000000  0.168000  8.070000  7.080000  16.100000
72.000000  174.000000  0.172000  8.070000  8.500000  15.600000
72.000000  175.000000  0.177000  8.060000  6.710000  15.200000
72.000000  176.000000  0.182000  8.060000  8.170000  14.900000
72.000000  177.000000  0.186000  8.050000  6.380000  14.500000
72.000000  178.000000  0.191000  8.050000  7.630000  14.000000
72.000000  179.000000  0.196000  8.040000  6.100000  13.700000
72.000000  180.000000  0.200000  8.030000  7.390000  13.500000
72.000000  181.000000  0.204000  8.020000  5.690000  13.100000
72.000000  182.000000  0.209000  8.010000  6.720000  12.400000
72.000000  183.000000  0.213000  8.000000  5.300000  12.000000
72.000000  184.000000  0.217000  7.990000  6.290000  11.600000
72.000000  185.000000  0.222000  7.970000  4.890000  11.200000
72.000000  186.000000  0.226000  7.960000  6.180000  11.100000
71.000000  162.000000  0.123000  8.050000  8.340000  18.700000
71.000000  163.000000  0.129000  8.070000  10.000000  18.400000
71.000000  164.000000  0.134000  8.070000  7.920000  18.000000
71.000000  165.000000  0.139000  8.080000  9.870000  17.800000
71.000000  166.000000  0.145000  8.070000  7.650000  17.500000
71.000000  167.000000  0.150000  8.080000  9.550000  17.200000
71.000000  168.000000  0.155000  8.080000  7.640000  17.200000
71.000000  169.000000  0.160000  8.090000  9.090000  16.700000
71.000000  170.000000  0.165000  8.080000  7.290000  16.400000
71.000000  171.000000  0.170000  8.080000  8.590000  15.900000
71.000000  172.000000  0.174000  8.080000  6.980000  15.600000
71.000000  173.000000  0.179000  8.080000  8.220000  15.200000
71.000000  174.000000  0.184000  8.070000  6.760000  15.000000
71.000000  175.000000  0.189000  8.070000  7.670000  14.400000
71.000000  176.000000  0.193000  8.060000  6.290000  14.000000
71.000000  177.000000  0.198000  8.050000  7.070000  13.400000
71.000000  178.000000  0.202000  8.040000  6.030000  13.100000
71.000000  179.000000  0.207000  8.040000  6.790000  12.800000
71.000000  180.000000  0.211000  8.020000  5.690000  12.500000
71.000000  181.000000  0.215000  8.010000  6.190000  11.900000
70.000000  158.000000  0.114000  8.080000  10.700000  18.900000
70.000000  159.000000  0.119000  8.080000  7.900000  18.600000
70.000000  160.000000  0.125000  8.090000  10.400000  18.300000
70.000000  161.000000  0.130000  8.090000  7.750000  18.100000
70.000000  162.000000  0.136000  8.100000  10.100000  17.800000
70.000000  163.000000  0.141000  8.100000  7.540000  17.600000
70.000000  164.000000  0.146000  8.110000  9.790000  17.300000
70.000000  165.000000  0.152000  8.100000  7.350000  17.100000
70.000000  166.000000  0.157000  8.110000  9.370000  16.700000
70.000000  167.000000  0.162000  8.110000  7.070000  16.400000
70.000000  168.000000  0.167000  8.110000  9.060000  16.100000
70.000000  169.000000  0.172000  8.100000  6.870000  15.900000
70.000000  170.000000  0.176000  8.110000  8.460000  15.300000
70.000000  171.000000  0.181000  8.100000  6.610000  15.100000
70.000000  172.000000  0.186000  8.100000  8.020000  14.600000
70.000000  173.000000  0.191000  8.090000  6.370000  14.400000
70.000000  174.000000  0.195000  8.080000  7.460000  13.800000
70.000000  175.000000  0.200000  8.070000  5.820000  13.300000
70.000000  176.000000  0.205000  8.060000  6.870000  12.700000
70.000000  177.000000  0.209000  8.050000  5.570000  12.400000
69.000000  156.000000  0.115000  8.090000  8.280000  18.600000
69.000000  157.000000  0.121000  8.100000  9.950000  18.200000
69.000000  158.000000  0.127000  8.100000  8.070000  18.000000
69.000000  159.000000  0.132000  8.110000  9.940000  18.000000
69.000000  160.000000  0.138000  8.110000  7.800000  17.700000
69.000000  161.000000  0.143000  8.120000  9.670000  17.500000
69.000000  162.000000  0.148000  8.120000  7.650000  17.300000
69.000000  163.000000  0.153000  8.120000  9.320000  17.000000
69.000000  164.000000  0.159000  8.120000  7.250000  16.600000
69.000000  165.000000  0.164000  8.130000  9.100000  16.300000
69.000000  166.000000  0.169000  8.120000  7.030000  16.100000
69.000000  167.000000  0.174000  8.120000  8.730000  15.800000
69.000000  168.000000  0.179000  8.110000  6.840000  15.600000
69.000000  169.000000  0.183000  8.110000  8.030000  14.900000
69.000000  170.000000  0.188000  8.110000  6.590000  14.600000
69.000000  171.000000  0.193000  8.100000  7.490000  14.100000
69.000000  172.000000  0.198000  8.090000  6.240000  13.700000
69.000000  173.000000  0.202000  8.080000  6.950000  13.200000
69.000000  174.000000  0.207000  8.070000  5.680000  12.600000
69.000000  175.000000  0.211000  8.060000  6.520000  12.200000
69.000000  176.000000  0.216000  8.050000  5.130000  11.600000
68.000000  154.000000  0.117000  8.130000  10.200000  18.200000
68.000000  155.000000  0.123000  8.130000  7.680000  17.900000
68.000000  156.000000  0.128000  8.140000  10.100000  17.700000
68.000000  157.000000  0.134000  8.140000  7.270000  17.300000
68.000000  158.000000  0.139000  8.150000  9.960000  17.200000
68.000000  160.000000  0.150000  8.150000  9.570000  16.900000
68.000000  161.000000  0.155000  8.150000  7.210000  16.800000
68.000000  162.000000  0.160000  8.150000  9.200000  16.400000
68.000000  163.000000  0.166000  8.140000  6.900000  16.100000
68.000000  164.000000  0.171000  8.150000  8.850000  15.800000
68.000000  165.000000  0.176000  8.140000  6.650000  15.500000
68.000000  166.000000  0.181000  8.140000  8.480000  15.100000
68.000000  167.000000  0.186000  8.130000  6.440000  14.900000
68.000000  168.000000  0.190000  8.130000  7.770000  14.200000
68.000000  169.000000  0.195000  8.120000  6.000000  13.800000
68.000000  170.000000  0.200000  8.110000  7.260000  13.300000
68.000000  171.000000  0.205000  8.100000  5.680000  12.900000
68.000000  172.000000  0.209000  8.090000  6.840000  12.500000
67.000000  150.000000  0.107000  8.130000  8.370000  20.100000
67.000000  152.000000  0.118000  8.140000  8.050000  17.800000
67.000000  153.000000  0.124000  8.150000  9.480000  17.500000
67.000000  154.000000  0.130000  8.150000  7.700000  17.200000
67.000000  157.000000  0.146000  8.160000  9.430000  16.900000
67.000000  158.000000  0.152000  8.160000  7.430000  16.900000
67.000000  159.000000  0.157000  8.170000  9.210000  16.600000
67.000000  160.000000  0.162000  8.160000  7.120000  16.300000
67.000000  161.000000  0.168000  8.160000  8.890000  16.000000
67.000000  162.000000  0.173000  8.160000  6.920000  15.800000
67.000000  163.000000  0.178000  8.160000  8.410000  15.300000
67.000000  165.000000  0.188000  8.150000  7.990000  14.700000
67.000000  166.000000  0.193000  8.140000  6.240000  14.200000
67.000000  167.000000  0.198000  8.130000  7.280000  13.500000
67.000000  168.000000  0.202000  8.120000  5.850000  13.100000
67.000000  169.000000  0.207000  8.110000  6.810000  12.700000
67.000000  170.000000  0.212000  8.090000  5.510000  12.300000
66.000000  148.000000  0.108000  8.180000  11.700000  21.400000
66.000000  149.000000  0.114000  8.180000  7.910000  19.600000
66.000000  150.000000  0.120000  8.190000  9.690000  17.600000
66.000000  151.000000  0.126000  8.180000  7.510000  17.200000
66.000000  152.000000  0.132000  8.190000  9.440000  17.000000
66.000000  153.000000  0.137000  8.190000  7.100000  16.500000
66.000000  154.000000  0.143000  8.190000  9.320000  16.400000
66.000000  155.000000  0.148000  8.180000  6.830000  16.200000
66.000000  156.000000  0.154000  8.190000  9.440000  16.300000
66.000000  157.000000  0.159000  8.180000  6.970000  16.400000
66.000000  158.000000  0.165000  8.190000  9.050000  16.000000
66.000000  159.000000  0.170000  8.180000  6.830000  15.900000
66.000000  160.000000  0.175000  8.180000  8.580000  15.400000
66.000000  161.000000  0.180000  8.170000  6.450000  15.000000
66.000000  162.000000  0.185000  8.170000  8.200000  14.700000
66.000000  163.000000  0.190000  8.160000  6.270000  14.500000
66.000000  164.000000  0.195000  8.160000  7.660000  13.900000
66.000000  165.000000  0.200000  8.140000  5.720000  13.400000
66.000000  166.000000  0.205000  8.140000  7.040000  12.800000
66.000000  167.000000  0.210000  8.120000  5.420000  12.500000
66.000000  168.000000  0.214000  8.110000  6.700000  12.100000
65.000000  147.000000  0.116000  8.210000  11.100000  20.500000
65.000000  149.000000  0.128000  8.210000  9.020000  16.900000
65.000000  150.000000  0.133000  8.210000  7.690000  16.700000
65.000000  151.000000  0.139000  8.210000  8.590000  16.300000
65.000000  152.000000  0.145000  8.200000  7.160000  15.800000
65.000000  153.000000  0.150000  8.210000  8.670000  15.800000
65.000000  154.000000  0.156000  8.200000  6.910000  15.600000
65.000000  155.000000  0.161000  8.200000  9.170000  16.100000
65.000000  156.000000  0.167000  8.190000  6.910000  16.100000
65.000000  157.000000  0.172000  8.200000  8.740000  15.700000
65.000000  158.000000  0.177000  8.190000  6.780000  15.500000
65.000000  159.000000  0.182000  8.190000  8.130000  14.900000
65.000000  160.000000  0.188000  8.180000  6.380000  14.500000
65.000000  161.000000  0.193000  8.170000  7.700000  14.100000
65.000000  162.000000  0.198000  8.160000  6.290000  14.000000
65.000000  163.000000  0.202000  8.160000  6.990000  13.300000
65.000000  164.000000  0.207000  8.140000  5.550000  12.500000
64.000000  142.000000  0.098600  8.190000  11.800000  21.300000
64.000000  144.000000  0.111000  8.220000  11.600000  20.900000
64.000000  145.000000  0.117000  8.230000  9.240000  20.800000
64.000000  146.000000  0.123000  8.250000  11.200000  20.500000
64.000000  147.000000  0.129000  8.240000  7.340000  18.600000
64.000000  148.000000  0.135000  8.250000  8.980000  16.300000
64.000000  149.000000  0.141000  8.240000  6.930000  15.900000
64.000000  150.000000  0.147000  8.240000  8.710000  15.600000
64.000000  151.000000  0.152000  8.230000  6.500000  15.200000
64.000000  152.000000  0.158000  8.230000  8.590000  15.100000
64.000000  153.000000  0.163000  8.220000  6.250000  14.800000
64.000000  154.000000  0.169000  8.220000  8.890000  15.100000
64.000000  155.000000  0.174000  8.210000  6.440000  15.300000
64.000000  156.000000  0.179000  8.220000  8.540000  15.000000
64.000000  157.000000  0.185000  8.200000  6.360000  14.900000
64.000000  158.000000  0.190000  8.200000  7.940000  14.300000
64.000000  159.000000  0.195000  8.190000  5.940000  13.900000
64.000000  160.000000  0.200000  8.180000  7.450000  13.400000
64.000000  161.000000  0.205000  8.170000  5.640000  13.100000
64.000000  162.000000  0.210000  8.160000  6.850000  12.500000
63.000000  132.000000  0.045500  8.260000  -3.160000  -8.750000
63.000000  143.000000  0.119000  8.250000  11.000000  20.500000
63.000000  145.000000  0.131000  8.270000  10.400000  19.900000
63.000000  146.000000  0.137000  8.260000  7.200000  17.600000
63.000000  147.000000  0.143000  8.260000  8.500000  15.700000
63.000000  148.000000  0.149000  8.250000  6.830000  15.300000
63.000000  149.000000  0.154000  8.250000  8.210000  15.000000
63.000000  150.000000  0.160000  8.240000  6.420000  14.600000
63.000000  151.000000  0.166000  8.240000  7.930000  14.400000
63.000000  152.000000  0.171000  8.230000  6.310000  14.200000
63.000000  153.000000  0.176000  8.230000  8.550000  14.900000
63.000000  154.000000  0.182000  8.220000  6.440000  15.000000
63.000000  155.000000  0.187000  8.220000  8.150000  14.600000
63.000000  156.000000  0.192000  8.200000  6.340000  14.500000
63.000000  157.000000  0.197000  8.200000  7.450000  13.800000
63.000000  158.000000  0.203000  8.190000  5.870000  13.300000
63.000000  159.000000  0.208000  8.180000  6.860000  12.700000
62.000000  132.000000  0.060600  8.260000  -4.820000  -7.440000
62.000000  138.000000  0.101000  8.240000  11.500000  20.800000
62.000000  139.000000  0.108000  8.240000  8.950000  20.500000
62.000000  140.000000  0.114000  8.260000  11.100000  20.100000
62.000000  141.000000  0.121000  8.270000  8.550000  19.700000
62.000000  142.000000  0.127000  8.290000  11.100000  19.700000
62.000000  143.000000  0.133000  8.290000  8.600000  19.700000
62.000000  144.000000  0.139000  8.300000  10.500000  19.100000
62.000000  145.000000  0.145000  8.290000  6.760000  17.300000
62.000000  146.000000  0.151000  8.290000  8.420000  15.200000
62.000000  147.000000  0.156000  8.280000  6.340000  14.800000
62.000000  148.000000  0.162000  8.280000  8.140000  14.500000
62.000000  149.000000  0.168000  8.260000  5.870000  14.000000
62.000000  150.000000  0.173000  8.260000  7.990000  13.900000
62.000000  151.000000  0.179000  8.240000  5.600000  13.600000
62.000000  152.000000  0.184000  8.240000  8.260000  13.900000
62.000000  153.000000  0.190000  8.230000  5.870000  14.100000
62.000000  154.000000  0.195000  8.230000  7.970000  13.800000
62.000000  155.000000  0.200000  8.210000  5.810000  13.800000
62.000000  156.000000  0.205000  8.210000  7.240000  13.000000
62.000000  157.000000  0.210000  8.190000  5.390000  12.600000
62.000000  158.000000  0.215000  8.180000  6.640000  12.000000
61.000000  132.000000  0.075800  8.260000  -1.960000  -6.230000
61.000000  139.000000  0.122000  8.290000  10.600000  19.600000
61.000000  141.000000  0.135000  8.300000  10.400000  19.200000
61.000000  143.000000  0.147000  8.320000  9.890000  18.600000
61.000000  144.000000  0.153000  8.310000  6.530000  16.400000
61.000000  145.000000  0.159000  8.300000  7.920000  14.400000
61.000000  146.000000  0.164000  8.290000  6.260000  14.200000
61.000000  147.000000  0.170000  8.280000  7.660000  13.900000
61.000000  148.000000  0.176000  8.270000  5.890000  13.600000
61.000000  149.000000  0.181000  8.260000  7.270000  13.200000
61.000000  150.000000  0.187000  8.240000  5.600000  12.900000
61.000000  151.000000  0.192000  8.240000  7.860000  13.500000
61.000000  152.000000  0.197000  8.230000  5.940000  13.800000
61.000000  153.000000  0.203000  8.220000  7.460000  13.400000
61.000000  154.000000  0.208000  8.210000  5.940000  13.400000
60.000000  132.000000  0.090900  8.260000  11.700000  21.000000
60.000000  134.000000  0.104000  8.290000  11.400000  20.400000
60.000000  135.000000  0.111000  8.290000  8.640000  20.000000
60.000000  136.000000  0.118000  8.310000  11.100000  19.700000
60.000000  137.000000  0.124000  8.310000  8.460000  19.500000
60.000000  138.000000  0.130000  8.330000  10.500000  19.000000
60.000000  139.000000  0.137000  8.320000  8.070000  18.600000
60.000000  140.000000  0.143000  8.340000  10.300000  18.400000
60.000000  141.000000  0.149000  8.340000  8.010000  18.300000
60.000000  142.000000  0.155000  8.350000  9.830000  17.800000
60.000000  143.000000  0.161000  8.330000  6.120000  16.000000
60.000000  144.000000  0.167000  8.330000  7.820000  13.900000
60.000000  145.000000  0.172000  8.310000  5.760000  13.600000
60.000000  146.000000  0.178000  8.300000  7.570000  13.300000
60.000000  147.000000  0.184000  8.280000  5.290000  12.900000
60.000000  148.000000  0.189000  8.280000  7.330000  12.600000
60.000000  149.000000  0.195000  8.260000  5.040000  12.400000
60.000000  150.000000  0.200000  8.250000  7.380000  12.400000
60.000000  151.000000  0.205000  8.230000  5.330000  12.700000
60.000000  152.000000  0.211000  8.220000  7.280000  12.600000
59.000000  122.000000  0.032800  8.320000  -3.390000  -9.530000
59.000000  131.000000  0.099200  8.290000  11.200000  20.700000
59.000000  132.000000  0.106000  8.290000  9.000000  20.200000
59.000000  133.000000  0.113000  8.310000  10.800000  19.800000
59.000000  136.000000  0.132000  8.330000  8.480000  19.000000
59.000000  137.000000  0.139000  8.340000  9.930000  18.400000
59.000000  138.000000  0.145000  8.340000  8.000000  17.900000
59.000000  139.000000  0.151000  8.350000  9.760000  17.800000
59.000000  140.000000  0.157000  8.350000  7.940000  17.700000
59.000000  141.000000  0.163000  8.350000  9.400000  17.300000
59.000000  142.000000  0.169000  8.340000  5.840000  15.200000
59.000000  143.000000  0.175000  8.330000  7.350000  13.200000
59.000000  144.000000  0.181000  8.310000  5.750000  13.100000
59.000000  145.000000  0.186000  8.300000  6.950000  12.700000
59.000000  146.000000  0.192000  8.280000  5.130000  12.100000
59.000000  147.000000  0.197000  8.270000  6.830000  12.000000
59.000000  148.000000  0.203000  8.250000  5.160000  12.000000
59.000000  149.000000  0.208000  8.240000  6.580000  11.700000
58.000000  122.000000  0.049200  8.320000  -5.230000  -8.050000
58.000000  128.000000  0.093800  8.310000  11.600000  20.900000
58.000000  129.000000  0.101000  8.310000  8.820000  20.500000
58.000000  130.000000  0.108000  8.330000  11.200000  20.000000
58.000000  131.000000  0.115000  8.330000  8.360000  19.600000
58.000000  132.000000  0.121000  8.350000  10.800000  19.200000
58.000000  134.000000  0.134000  8.370000  10.500000  18.500000
58.000000  135.000000  0.141000  8.360000  7.850000  18.300000
58.000000  136.000000  0.147000  8.370000  9.960000  17.800000
58.000000  137.000000  0.153000  8.370000  7.480000  17.400000
58.000000  138.000000  0.159000  8.380000  9.720000  17.200000
58.000000  139.000000  0.165000  8.370000  7.450000  17.200000
58.000000  140.000000  0.171000  8.380000  9.200000  16.600000
58.000000  141.000000  0.177000  8.360000  5.430000  14.600000
58.000000  142.000000  0.183000  8.350000  7.170000  12.600000
58.000000  143.000000  0.189000  8.320000  5.140000  12.300000
58.000000  144.000000  0.194000  8.310000  6.900000  12.000000
58.000000  145.000000  0.200000  8.290000  4.710000  11.600000
58.000000  146.000000  0.205000  8.280000  6.640000  11.300000
57.000000  122.000000  0.065600  8.320000  -2.370000  -6.940000
57.000000  125.000000  0.088000  8.300000  11.600000  -5.310000
57.000000  127.000000  0.102000  8.330000  11.000000  20.300000
57.000000  128.000000  0.109000  8.340000  8.800000  19.800000
57.000000  129.000000  0.116000  8.360000  10.800000  19.600000
57.000000  130.000000  0.123000  8.360000  8.370000  19.100000
57.000000  132.000000  0.136000  8.370000  8.030000  18.200000
57.000000  133.000000  0.143000  8.380000  9.840000  17.900000
57.000000  134.000000  0.149000  8.370000  7.800000  17.600000
57.000000  135.000000  0.156000  8.380000  9.500000  17.300000
57.000000  136.000000  0.162000  8.380000  7.470000  17.000000
57.000000  137.000000  0.168000  8.380000  9.170000  16.600000
57.000000  138.000000  0.174000  8.380000  7.450000  16.600000
57.000000  139.000000  0.180000  8.380000  8.780000  16.200000
57.000000  140.000000  0.186000  8.360000  5.160000  13.900000
57.000000  141.000000  0.191000  8.340000  6.690000  11.800000
57.000000  142.000000  0.197000  8.320000  5.160000  11.900000
57.000000  143.000000  0.203000  8.310000  6.220000  11.400000
56.000000  122.000000  0.082000  8.320000  11.900000  21.900000
56.000000  123.000000  0.089400  8.330000  9.120000  21.100000
56.000000  124.000000  0.096800  8.360000  11.500000  20.600000
56.000000  125.000000  0.104000  8.360000  8.650000  20.200000
56.000000  127.000000  0.118000  8.380000  8.220000  19.300000
56.000000  128.000000  0.125000  8.400000  10.600000  18.900000
56.000000  129.000000  0.132000  8.390000  7.760000  18.400000
56.000000  130.000000  0.138000  8.410000  10.300000  18.000000
56.000000  131.000000  0.145000  8.400000  7.490000  17.800000
56.000000  132.000000  0.152000  8.410000  9.820000  17.300000
56.000000  133.000000  0.158000  8.400000  7.190000  17.000000
56.000000  134.000000  0.164000  8.410000  9.470000  16.700000
56.000000  135.000000  0.170000  8.400000  6.970000  16.400000
56.000000  136.000000  0.176000  8.400000  9.110000  16.100000
56.000000  137.000000  0.182000  8.390000  6.910000  16.000000
56.000000  138.000000  0.188000  8.390000  8.610000  15.500000
56.000000  139.000000  0.194000  8.370000  4.720000  13.300000
56.000000  140.000000  0.200000  8.350000  6.430000  11.200000
56.000000  141.000000  0.206000  8.330000  4.530000  11.000000
56.000000  142.000000  0.211000  8.310000  6.180000  10.700000
55.000000  120.000000  0.083300  8.330000  9.650000  21.600000
55.000000  123.000000  0.106000  8.380000  11.000000  20.100000
55.000000  125.000000  0.120000  8.400000  10.400000  19.200000
55.000000  126.000000  0.127000  8.400000  8.330000  18.800000
55.000000  127.000000  0.134000  8.410000  9.960000  18.300000
55.000000  128.000000  0.141000  8.410000  7.760000  17.700000
55.000000  129.000000  0.147000  8.420000  9.640000  17.400000
55.000000  130.000000  0.154000  8.410000  7.470000  17.100000
55.000000  131.000000  0.160000  8.420000  9.230000  16.700000
55.000000  132.000000  0.167000  8.410000  7.170000  16.400000
55.000000  133.000000  0.173000  8.410000  8.990000  16.200000
55.000000  134.000000  0.179000  8.400000  6.890000  15.900000
55.000000  135.000000  0.185000  8.400000  8.760000  15.700000
55.000000  136.000000  0.191000  8.390000  6.830000  15.600000
55.000000  137.000000  0.197000  8.390000  8.280000  15.100000
55.000000  138.000000  0.203000  8.360000  4.410000  12.700000
55.000000  139.000000  0.209000  8.340000  5.890000  10.300000
55.000000  140.000000  0.214000  8.310000  4.420000  10.300000
54.000000  118.000000  0.084700  8.370000  12.000000  21.200000
54.000000  119.000000  0.092400  8.380000  8.790000  20.800000
54.000000  120.000000  0.100000  8.400000  11.400000  20.200000
54.000000  121.000000  0.107000  8.400000  8.380000  19.800000
54.000000  122.000000  0.115000  8.420000  10.900000  19.300000
54.000000  123.000000  0.122000  8.420000  7.970000  18.900000
54.000000  124.000000  0.129000  8.440000  10.500000  18.400000
54.000000  125.000000  0.136000  8.430000  7.600000  18.100000
54.000000  126.000000  0.143000  8.440000  10.000000  17.600000
54.000000  127.000000  0.150000  8.430000  7.250000  17.300000
54.000000  128.000000  0.156000  8.440000  9.610000  16.900000
54.000000  129.000000  0.163000  8.430000  6.910000  16.500000
54.000000  130.000000  0.169000  8.440000  9.260000  16.200000
54.000000  131.000000  0.176000  8.420000  6.600000  15.900000
54.000000  132.000000  0.182000  8.430000  8.940000  15.500000
54.000000  133.000000  0.188000  8.410000  6.440000  15.400000
54.000000  134.000000  0.194000  8.410000  8.550000  15.000000
54.000000  135.000000  0.200000  8.400000  6.360000  14.900000
54.000000  136.000000  0.206000  8.400000  8.090000  14.400000
54.000000  137.000000  0.212000  8.360000  4.030000  12.100000
54.000000  138.000000  0.217000  8.340000  5.660000  9.690000
53.000000  114.000000  0.070200  8.430000  -1.680000  -5.610000
53.000000  115.000000  0.078300  8.370000  -3.620000  21.400000
53.000000  117.000000  0.094000  8.400000  11.000000  20.200000
53.000000  118.000000  0.102000  8.410000  8.610000  19.600000
53.000000  119.000000  0.109000  8.430000  10.900000  19.500000
53.000000  120.000000  0.117000  8.420000  8.060000  18.900000
53.000000  121.000000  0.124000  8.440000  10.600000  18.600000
53.000000  122.000000  0.131000  8.440000  7.900000  18.500000
53.000000  123.000000  0.138000  8.450000  9.930000  17.800000
53.000000  124.000000  0.145000  8.440000  7.490000  17.400000
53.000000  125.000000  0.152000  8.450000  9.540000  17.000000
53.000000  126.000000  0.159000  8.440000  7.150000  16.700000
53.000000  127.000000  0.165000  8.450000  9.140000  16.300000
53.000000  128.000000  0.172000  8.430000  6.830000  16.000000
53.000000  129.000000  0.178000  8.440000  8.840000  15.700000
53.000000  130.000000  0.185000  8.420000  6.500000  15.300000
53.000000  131.000000  0.191000  8.420000  8.580000  15.100000
53.000000  132.000000  0.197000  8.410000  6.330000  14.900000
53.000000  133.000000  0.203000  8.410000  8.230000  14.600000
53.000000  134.000000  0.209000  8.390000  6.260000  14.500000
53.000000  135.000000  0.215000  8.380000  7.810000  14.100000
53.000000  136.000000  0.221000  8.350000  3.840000  11.600000
52.000000  112.000000  0.071400  8.400000  12.100000  21.500000
52.000000  113.000000  0.079600  8.400000  8.850000  20.900000
52.000000  114.000000  0.087700  8.430000  11.600000  20.500000
52.000000  115.000000  0.095700  8.430000  8.250000  19.900000
52.000000  116.000000  0.103000  8.460000  11.300000  19.500000
52.000000  118.000000  0.119000  8.470000  10.700000  18.600000
52.000000  119.000000  0.126000  8.460000  7.560000  18.200000
52.000000  120.000000  0.133000  8.480000  10.300000  17.800000
52.000000  121.000000  0.140000  8.470000  7.250000  17.500000
52.000000  122.000000  0.148000  8.480000  9.840000  17.100000
52.000000  123.000000  0.154000  8.470000  6.930000  16.800000
52.000000  124.000000  0.161000  8.470000  9.420000  16.400000
52.000000  125.000000  0.168000  8.460000  6.570000  16.000000
52.000000  126.000000  0.175000  8.460000  9.110000  15.700000
52.000000  127.000000  0.181000  8.450000  6.290000  15.400000
52.000000  128.000000  0.188000  8.450000  8.780000  15.100000
52.000000  129.000000  0.194000  8.430000  6.080000  14.900000
52.000000  130.000000  0.200000  8.430000  8.420000  14.500000
52.000000  131.000000  0.206000  8.410000  5.930000  14.300000
52.000000  132.000000  0.212000  8.410000  8.050000  14.000000
52.000000  133.000000  0.218000  8.390000  5.820000  13.900000
52.000000  134.000000  0.224000  8.380000  7.670000  13.500000
51.000000  113.000000  0.097300  8.470000  10.900000  19.700000
51.000000  114.000000  0.105000  8.460000  8.150000  19.000000
51.000000  115.000000  0.113000  8.480000  10.600000  18.700000
51.000000  116.000000  0.121000  8.480000  7.890000  18.500000
51.000000  117.000000  0.128000  8.490000  9.890000  17.800000
51.000000  118.000000  0.136000  8.480000  7.430000  17.300000
51.000000  119.000000  0.143000  8.490000  9.550000  17.000000
51.000000  120.000000  0.150000  8.480000  7.010000  16.600000
51.000000  121.000000  0.157000  8.480000  9.250000  16.300000
51.000000  122.000000  0.164000  8.470000  6.810000  16.100000
51.000000  123.000000  0.171000  8.470000  8.960000  15.800000
51.000000  124.000000  0.177000  8.460000  6.470000  15.400000
51.000000  125.000000  0.184000  8.460000  8.710000  15.200000
51.000000  126.000000  0.190000  8.440000  6.210000  14.900000
51.000000  127.000000  0.197000  8.440000  8.380000  14.600000
51.000000  128.000000  0.203000  8.420000  6.000000  14.400000
51.000000  129.000000  0.209000  8.420000  8.070000  14.100000
51.000000  130.000000  0.215000  8.400000  5.730000  13.800000
51.000000  131.000000  0.221000  8.390000  7.770000  13.500000
51.000000  132.000000  0.227000  8.370000  5.730000  13.500000
51.000000  133.000000  0.233000  8.360000  7.360000  13.100000
50.000000  106.000000  0.056600  8.430000  12.100000  21.900000
50.000000  107.000000  0.065400  8.440000  9.230000  21.300000
50.000000  108.000000  0.074100  8.470000  11.600000  20.900000
50.000000  109.000000  0.082600  8.470000  8.630000  20.300000
50.000000  110.000000  0.090900  8.500000  11.300000  19.900000
50.000000  111.000000  0.099100  8.490000  8.170000  19.500000
50.000000  112.000000  0.107000  8.510000  10.800000  19.000000
50.000000  113.000000  0.115000  8.510000  7.740000  18.500000
50.000000  114.000000  0.123000  8.520000  10.300000  18.000000
50.000000  115.000000  0.130000  8.510000  7.550000  17.800000
50.000000  116.000000  0.138000  8.520000  9.560000  17.100000
50.000000  117.000000  0.145000  8.510000  6.940000  16.500000
50.000000  118.000000  0.153000  8.520000  9.330000  16.300000
50.000000  119.000000  0.160000  8.500000  6.480000  15.800000
50.000000  120.000000  0.167000  8.500000  9.100000  15.600000
50.000000  121.000000  0.174000  8.490000  6.170000  15.300000
50.000000  122.000000  0.180000  8.490000  8.820000  15.000000
50.000000  123.000000  0.187000  8.470000  5.950000  14.800000
50.000000  124.000000  0.194000  8.470000  8.490000  14.400000
50.000000  125.000000  0.200000  8.450000  5.730000  14.200000
50.000000  126.000000  0.206000  8.440000  8.190000  13.900000
50.000000  127.000000  0.213000  8.420000  5.530000  13.700000
50.000000  128.000000  0.219000  8.420000  7.960000  13.500000
50.000000  129.000000  0.225000  8.390000  5.300000  13.300000
50.000000  130.000000  0.231000  8.390000  7.610000  12.900000
49.000000  101.000000  0.029700  8.450000  -4.760000  -7.740000
49.000000  104.000000  0.057700  8.440000  9.620000  21.600000
49.000000  105.000000  0.066700  8.460000  11.500000  21.200000
49.000000  106.000000  0.075500  8.470000  9.040000  20.600000
49.000000  107.000000  0.084100  8.490000  11.000000  20.100000
49.000000  108.000000  0.092600  8.500000  8.630000  19.700000
49.000000  109.000000  0.101000  8.510000  10.400000  19.100000
49.000000  110.000000  0.109000  8.510000  8.050000  18.500000
49.000000  111.000000  0.117000  8.520000  9.990000  18.000000
49.000000  112.000000  0.125000  8.510000  7.670000  17.700000
49.000000  113.000000  0.133000  8.520000  9.450000  17.100000
49.000000  114.000000  0.140000  8.510000  7.270000  16.700000
49.000000  115.000000  0.148000  8.520000  9.040000  16.300000
49.000000  117.000000  0.162000  8.500000  8.760000  15.500000
49.000000  119.000000  0.176000  8.490000  8.540000  14.900000
49.000000  133.000000  0.263000  8.260000  4.640000  10.100000
48.000000  101.000000  0.049500  8.450000  9.710000  22.000000
48.000000  102.000000  0.058800  8.480000  11.900000  21.600000
48.000000  103.000000  0.068000  8.490000  9.060000  21.000000
48.000000  104.000000  0.076900  8.520000  11.400000  20.500000
48.000000  105.000000  0.085700  8.520000  8.440000  19.800000
48.000000  106.000000  0.094300  8.540000  10.900000  19.300000
48.000000  107.000000  0.103000  8.530000  7.930000  18.800000
48.000000  108.000000  0.111000  8.550000  10.300000  18.300000
48.000000  109.000000  0.119000  8.540000  7.320000  17.700000
48.000000  110.000000  0.127000  8.550000  9.910000  17.200000
48.000000  111.000000  0.135000  8.540000  6.980000  16.900000
48.000000  112.000000  0.143000  8.540000  9.390000  16.400000
48.000000  113.000000  0.150000  8.530000  6.540000  15.900000
48.000000  114.000000  0.158000  8.530000  9.040000  15.600000
48.000000  115.000000  0.165000  8.510000  6.140000  15.200000
48.000000  116.000000  0.172000  8.510000  8.700000  14.800000
48.000000  117.000000  0.179000  8.490000  5.780000  14.500000
48.000000  118.000000  0.186000  8.490000  8.350000  14.100000
48.000000  119.000000  0.193000  8.460000  5.350000  13.700000
48.000000  133.000000  0.278000  8.260000  6.520000  11.200000
47.000000  99.000000  0.050500  8.470000  11.700000  22.000000
47.000000  100.000000  0.060000  8.480000  9.500000  21.200000
47.000000  101.000000  0.069300  8.510000  11.300000  20.800000
47.000000  102.000000  0.078400  8.520000  8.980000  20.300000
47.000000  103.000000  0.087400  8.540000  10.600000  19.600000
47.000000  104.000000  0.096200  8.540000  8.390000  19.000000
47.000000  105.000000  0.105000  8.550000  10.000000  18.400000
47.000000  106.000000  0.113000  8.540000  7.940000  18.000000
47.000000  107.000000  0.121000  8.550000  9.540000  17.500000
47.000000  108.000000  0.130000  8.540000  7.270000  16.800000
47.000000  109.000000  0.138000  8.550000  9.180000  16.500000
47.000000  111.000000  0.153000  8.530000  8.830000  15.600000
47.000000  112.000000  0.161000  8.520000  6.440000  15.300000
47.000000  113.000000  0.168000  8.520000  8.510000  15.000000
47.000000  115.000000  0.183000  8.490000  8.120000  14.100000
47.000000  116.000000  0.190000  8.470000  5.630000  13.800000
47.000000  117.000000  0.197000  8.460000  7.710000  13.300000
46.000000  97.000000  0.051500  8.500000  9.690000  24.000000
46.000000  98.000000  0.061200  8.530000  11.600000  21.300000
46.000000  99.000000  0.070700  8.540000  8.930000  20.500000
46.000000  100.000000  0.080000  8.560000  11.100000  20.000000
46.000000  101.000000  0.089100  8.560000  8.290000  19.400000
46.000000  102.000000  0.098000  8.580000  10.500000  18.800000
46.000000  103.000000  0.107000  8.570000  7.630000  18.200000
46.000000  104.000000  0.115000  8.580000  10.000000  17.600000
46.000000  105.000000  0.124000  8.570000  7.090000  17.100000
46.000000  106.000000  0.132000  8.580000  9.560000  16.700000
46.000000  107.000000  0.140000  8.560000  6.540000  16.100000
46.000000  108.000000  0.148000  8.570000  9.220000  15.800000
46.000000  109.000000  0.156000  8.540000  6.150000  15.400000
46.000000  110.000000  0.164000  8.550000  8.800000  14.900000
46.000000  111.000000  0.171000  8.520000  5.730000  14.500000
46.000000  112.000000  0.179000  8.520000  8.410000  14.100000
46.000000  114.000000  0.193000  8.490000  7.970000  13.300000
45.000000  94.000000  0.042600  8.470000  12.000000  26.100000
45.000000  95.000000  0.052600  8.530000  13.500000  25.500000
45.000000  96.000000  0.062500  8.530000  9.420000  22.900000
45.000000  97.000000  0.072200  8.560000  11.000000  20.400000
45.000000  98.000000  0.081600  8.560000  8.650000  19.600000
45.000000  99.000000  0.090900  8.580000  10.500000  19.100000
45.000000  100.000000  0.100000  8.580000  8.080000  18.600000
45.000000  101.000000  0.109000  8.590000  9.890000  18.000000
45.000000  102.000000  0.118000  8.580000  7.440000  17.300000
45.000000  103.000000  0.126000  8.580000  9.320000  16.800000
45.000000  105.000000  0.143000  8.570000  8.960000  16.000000
45.000000  107.000000  0.159000  8.550000  8.570000  15.200000
45.000000  123.000000  0.268000  8.320000  2.840000  7.030000
44.000000  92.000000  0.043500  8.500000  14.100000  25.600000
44.000000  94.000000  0.063800  8.580000  13.400000  24.400000
44.000000  95.000000  0.073700  8.590000  8.950000  22.400000
44.000000  96.000000  0.083300  8.610000  10.700000  19.600000
44.000000  97.000000  0.092800  8.600000  8.110000  18.800000
44.000000  98.000000  0.102000  8.620000  10.200000  18.300000
44.000000  99.000000  0.111000  8.610000  7.470000  17.600000
44.000000  100.000000  0.120000  8.620000  9.670000  17.100000
44.000000  101.000000  0.129000  8.600000  6.800000  16.500000
44.000000  102.000000  0.137000  8.610000  9.220000  16.000000
44.000000  103.000000  0.146000  8.580000  6.230000  15.500000
44.000000  104.000000  0.154000  8.590000  8.900000  15.100000
44.000000  105.000000  0.162000  8.560000  5.910000  14.800000
44.000000  106.000000  0.170000  8.560000  8.460000  14.400000
44.000000  107.000000  0.178000  8.530000  5.610000  14.100000
44.000000  108.000000  0.185000  8.530000  7.870000  13.500000
44.000000  123.000000  0.285000  8.320000  5.100000  8.330000
43.000000  91.000000  0.054900  8.540000  13.300000  24.700000
43.000000  92.000000  0.065200  8.560000  11.000000  24.300000
43.000000  93.000000  0.075300  8.610000  12.800000  23.800000
43.000000  95.000000  0.094700  8.620000  9.930000  18.600000
43.000000  96.000000  0.104000  8.610000  7.870000  17.800000
43.000000  97.000000  0.113000  8.620000  9.470000  17.300000
43.000000  98.000000  0.122000  8.610000  7.280000  16.800000
43.000000  99.000000  0.131000  8.610000  8.970000  16.200000
43.000000  101.000000  0.149000  8.590000  8.390000  15.200000
43.000000  104.000000  0.173000  8.540000  5.970000  14.100000
43.000000  105.000000  0.181000  8.530000  7.860000  13.800000
42.000000  88.000000  0.045500  8.520000  13.900000  24.700000
42.000000  89.000000  0.056200  8.540000  10.400000  24.300000
42.000000  90.000000  0.066700  8.600000  13.200000  23.600000
42.000000  91.000000  0.076900  8.610000  10.100000  23.300000
42.000000  92.000000  0.087000  8.660000  12.700000  22.800000
42.000000  93.000000  0.096800  8.650000  8.070000  20.700000
42.000000  94.000000  0.106000  8.660000  9.680000  17.700000
42.000000  95.000000  0.116000  8.650000  7.370000  17.000000
42.000000  96.000000  0.125000  8.650000  9.150000  16.500000
42.000000  97.000000  0.134000  8.640000  6.820000  16.000000
42.000000  98.000000  0.143000  8.640000  8.640000  15.500000
42.000000  99.000000  0.152000  8.610000  5.930000  14.600000
42.000000  100.000000  0.160000  8.600000  8.290000  14.200000
42.000000  101.000000  0.168000  8.570000  5.400000  13.700000
42.000000  102.000000  0.176000  8.570000  8.120000  13.500000
42.000000  103.000000  0.184000  8.540000  5.470000  13.600000
41.000000  87.000000  0.057500  8.550000  12.800000  23.700000
41.000000  88.000000  0.068200  8.570000  10.400000  23.200000
41.000000  89.000000  0.078700  8.620000  12.500000  22.900000
41.000000  90.000000  0.088900  8.630000  10.100000  22.600000
41.000000  91.000000  0.098900  8.670000  12.000000  22.200000
41.000000  92.000000  0.109000  8.660000  7.890000  19.900000
41.000000  93.000000  0.118000  8.660000  8.830000  16.700000
41.000000  94.000000  0.128000  8.650000  7.230000  16.100000
41.000000  95.000000  0.137000  8.650000  8.490000  15.700000
41.000000  96.000000  0.146000  8.630000  6.890000  15.400000
41.000000  97.000000  0.155000  8.620000  8.070000  15.000000
40.000000  84.000000  0.047600  8.550000  13.600000  23.900000
40.000000  85.000000  0.058800  8.560000  9.820000  23.400000
40.000000  86.000000  0.069800  8.610000  12.900000  22.700000
40.000000  87.000000  0.080500  8.620000  9.450000  22.300000
40.000000  88.000000  0.090900  8.670000  12.400000  21.800000
40.000000  89.000000  0.101000  8.670000  9.320000  21.700000
40.000000  90.000000  0.111000  8.710000  12.000000  21.300000
40.000000  91.000000  0.121000  8.690000  7.190000  19.200000
40.000000  92.000000  0.130000  8.690000  8.630000  15.800000
40.000000  93.000000  0.140000  8.670000  6.730000  15.400000
40.000000  94.000000  0.149000  8.670000  8.220000  15.000000
40.000000  95.000000  0.158000  8.640000  6.460000  14.700000
40.000000  96.000000  0.167000  8.640000  7.850000  14.300000
40.000000  97.000000  0.175000  8.600000  5.580000  13.400000
39.000000  78.000000  0.000000  8.500000  -5.300000  -14.100000
39.000000  81.000000  0.037000  8.510000  12.600000  24.000000
39.000000  83.000000  0.060200  8.570000  12.200000  22.600000
39.000000  84.000000  0.071400  8.590000  9.760000  22.000000
39.000000  85.000000  0.082400  8.630000  12.000000  21.800000
39.000000  86.000000  0.093000  8.640000  9.510000  21.500000
39.000000  87.000000  0.103000  8.670000  11.800000  21.300000
39.000000  88.000000  0.114000  8.680000  9.350000  21.200000
39.000000  89.000000  0.124000  8.710000  11.500000  20.800000
39.000000  90.000000  0.133000  8.690000  6.860000  18.300000
39.000000  91.000000  0.143000  8.680000  7.930000  14.800000
39.000000  92.000000  0.152000  8.660000  6.540000  14.500000
39.000000  93.000000  0.161000  8.650000  7.480000  14.000000
39.000000  94.000000  0.170000  8.620000  6.200000  13.700000
39.000000  95.000000  0.179000  8.600000  6.930000  13.100000
38.000000  78.000000  0.025600  8.500000  13.400000  25.100000
38.000000  79.000000  0.038000  8.520000  10.400000  23.800000
38.000000  80.000000  0.050000  8.580000  12.900000  23.300000
38.000000  81.000000  0.061700  8.590000  9.290000  22.200000
38.000000  82.000000  0.073200  8.640000  12.600000  21.800000
38.000000  83.000000  0.084300  8.640000  8.860000  21.400000
38.000000  84.000000  0.095200  8.680000  11.900000  20.800000
38.000000  85.000000  0.106000  8.680000  8.530000  20.400000
38.000000  86.000000  0.116000  8.710000  11.500000  20.000000
38.000000  87.000000  0.126000  8.710000  8.430000  19.900000
38.000000  88.000000  0.136000  8.730000  11.100000  19.500000
38.000000  89.000000  0.146000  8.710000  6.360000  17.500000
38.000000  90.000000  0.156000  8.700000  7.810000  14.200000
38.000000  91.000000  0.165000  8.660000  5.780000  13.600000
38.000000  92.000000  0.174000  8.650000  7.290000  13.100000
38.000000  93.000000  0.183000  8.610000  5.290000  12.600000
38.000000  94.000000  0.191000  8.590000  6.830000  12.100000
37.000000  77.000000  0.039000  8.540000  12.400000  23.800000
37.000000  78.000000  0.051300  8.560000  10.200000  22.600000
37.000000  79.000000  0.063300  8.600000  11.900000  22.100000
37.000000  81.000000  0.086400  8.650000  11.400000  20.800000
37.000000  82.000000  0.097600  8.650000  8.800000  20.200000
37.000000  83.000000  0.108000  8.680000  11.000000  19.800000
37.000000  84.000000  0.119000  8.680000  8.760000  19.700000
37.000000  85.000000  0.129000  8.700000  10.500000  19.200000
37.000000  86.000000  0.140000  8.700000  8.650000  19.100000
37.000000  87.000000  0.149000  8.710000  9.920000  18.600000
37.000000  88.000000  0.159000  8.680000  6.080000  16.000000
37.000000  89.000000  0.169000  8.660000  7.170000  13.300000
36.000000  74.000000  0.027000  8.530000  13.900000  24.500000
36.000000  75.000000  0.040000  8.550000  10.100000  23.900000
36.000000  76.000000  0.052600  8.610000  12.800000  22.800000
36.000000  77.000000  0.064900  8.620000  9.230000  22.000000
36.000000  78.000000  0.076900  8.660000  12.100000  21.300000
36.000000  79.000000  0.088600  8.660000  8.340000  20.400000
36.000000  80.000000  0.100000  8.690000  11.500000  19.900000
36.000000  81.000000  0.111000  8.680000  7.870000  19.400000
36.000000  82.000000  0.122000  8.710000  11.000000  18.800000
36.000000  83.000000  0.133000  8.700000  7.470000  18.400000
36.000000  84.000000  0.143000  8.720000  10.500000  18.000000
36.000000  85.000000  0.153000  8.700000  7.110000  17.600000
36.000000  86.000000  0.163000  8.710000  9.860000  17.000000
36.000000  87.000000  0.172000  8.680000  5.520000  15.400000
36.000000  88.000000  0.182000  8.660000  7.050000  12.600000
36.000000  89.000000  0.191000  8.610000  4.920000  12.000000
35.000000  72.000000  0.027800  8.510000  10.600000  23.800000
35.000000  73.000000  0.041100  8.570000  12.700000  23.300000
35.000000  74.000000  0.054100  8.580000  9.710000  22.400000
35.000000  75.000000  0.066700  8.630000  11.900000  21.600000
35.000000  76.000000  0.078900  8.640000  9.250000  21.100000
35.000000  77.000000  0.090900  8.670000  11.000000  20.300000
35.000000  78.000000  0.103000  8.660000  8.290000  19.300000
35.000000  79.000000  0.114000  8.690000  10.700000  19.000000
35.000000  80.000000  0.125000  8.680000  7.890000  18.600000
35.000000  81.000000  0.136000  8.700000  10.200000  18.100000
35.000000  82.000000  0.146000  8.680000  7.590000  17.800000
35.000000  83.000000  0.157000  8.690000  9.590000  17.200000
35.000000  84.000000  0.167000  8.670000  6.840000  16.400000
35.000000  85.000000  0.176000  8.670000  8.860000  15.700000
34.000000  70.000000  0.028600  8.580000  13.600000  23.900000
34.000000  71.000000  0.042300  8.590000  9.290000  22.900000
34.000000  72.000000  0.055600  8.640000  12.800000  22.100000
34.000000  73.000000  0.068500  8.640000  8.430000  21.200000
34.000000  74.000000  0.081100  8.690000  12.100000  20.500000
34.000000  75.000000  0.093300  8.680000  8.030000  20.100000
34.000000  76.000000  0.105000  8.710000  11.200000  19.200000
34.000000  77.000000  0.117000  8.690000  7.420000  18.600000
34.000000  78.000000  0.128000  8.720000  10.500000  17.900000
34.000000  79.000000  0.139000  8.700000  6.960000  17.500000
34.000000  80.000000  0.150000  8.710000  9.910000  16.900000
34.000000  81.000000  0.160000  8.690000  6.700000  16.600000
34.000000  82.000000  0.171000  8.690000  9.280000  16.000000
34.000000  83.000000  0.181000  8.660000  5.820000  15.100000
34.000000  84.000000  0.190000  8.660000  8.680000  14.500000
33.000000  68.000000  0.029400  8.560000  10.400000  23.000000
33.000000  69.000000  0.043500  8.610000  12.300000  22.700000
33.000000  70.000000  0.057100  8.620000  9.300000  21.600000
33.000000  71.000000  0.070400  8.660000  11.600000  20.900000
33.000000  72.000000  0.083300  8.660000  8.410000  20.000000
33.000000  73.000000  0.095900  8.690000  10.800000  19.200000
33.000000  74.000000  0.108000  8.680000  7.980000  18.800000
33.000000  75.000000  0.120000  8.700000  10.200000  18.200000
33.000000  76.000000  0.132000  8.680000  7.330000  17.600000
33.000000  77.000000  0.143000  8.700000  9.700000  17.000000
33.000000  78.000000  0.154000  8.670000  6.970000  16.700000
33.000000  79.000000  0.165000  8.680000  8.890000  15.900000
32.000000  64.000000  0.000000  8.530000  15.500000  -12.200000
32.000000  66.000000  0.030300  8.630000  13.200000  23.400000
32.000000  67.000000  0.044800  8.630000  9.120000  22.300000
32.000000  68.000000  0.058800  8.690000  12.400000  21.500000
32.000000  69.000000  0.072500  8.680000  8.190000  20.600000
32.000000  70.000000  0.085700  8.720000  11.500000  19.700000
32.000000  71.000000  0.098600  8.700000  7.420000  18.900000
32.000000  72.000000  0.111000  8.730000  10.800000  18.200000
32.000000  73.000000  0.123000  8.710000  6.780000  17.500000
32.000000  74.000000  0.135000  8.730000  10.200000  17.000000
32.000000  75.000000  0.147000  8.700000  6.510000  16.700000
32.000000  76.000000  0.158000  8.710000  9.430000  15.900000
32.000000  77.000000  0.169000  8.670000  6.070000  15.500000
32.000000  78.000000  0.179000  8.670000  8.720000  14.800000
31.000000  64.000000  0.031300  8.610000  10.400000  23.000000
31.000000  65.000000  0.046200  8.660000  11.900000  22.300000
31.000000  66.000000  0.060600  8.670000  9.140000  21.000000
31.000000  67.000000  0.074600  8.710000  11.200000  20.400000
31.000000  68.000000  0.088200  8.700000  8.280000  19.500000
31.000000  69.000000  0.101000  8.720000  10.300000  18.600000
31.000000  70.000000  0.114000  8.710000  7.650000  18.000000
31.000000  71.000000  0.127000  8.720000  9.300000  17.000000
31.000000  72.000000  0.139000  8.690000  6.520000  15.800000
31.000000  73.000000  0.151000  8.690000  9.180000  15.700000
31.000000  74.000000  0.162000  8.660000  6.420000  15.600000
30.000000  60.000000  0.000000  8.580000  15.000000  28.000000
30.000000  61.000000  0.016400  8.610000  10.200000  25.300000
30.000000  62.000000  0.032300  8.680000  12.900000  23.100000
30.000000  63.000000  0.047600  8.690000  9.120000  22.000000
30.000000  64.000000  0.062500  8.740000  11.900000  21.000000
30.000000  65.000000  0.076900  8.720000  7.980000  19.800000
30.000000  66.000000  0.090900  8.760000  11.100000  19.000000
30.000000  67.000000  0.104000  8.730000  7.050000  18.100000
30.000000  68.000000  0.118000  8.760000  10.200000  17.300000
30.000000  69.000000  0.130000  8.720000  6.480000  16.700000
30.000000  70.000000  0.143000  8.730000  9.220000  15.700000
30.000000  71.000000  0.155000  8.690000  5.840000  15.100000
30.000000  72.000000  0.167000  8.690000  8.890000  14.700000
30.000000  74.000000  0.189000  8.640000  8.230000  13.800000
29.000000  59.000000  0.016900  8.640000  12.800000  25.200000
29.000000  60.000000  0.033300  8.670000  10.100000  22.800000
29.000000  61.000000  0.049200  8.720000  11.700000  21.800000
29.000000  62.000000  0.064500  8.720000  8.870000  20.600000
29.000000  63.000000  0.079400  8.750000  10.900000  19.700000
29.000000  64.000000  0.093800  8.740000  7.920000  18.800000
29.000000  65.000000  0.108000  8.760000  9.910000  17.800000
29.000000  66.000000  0.121000  8.730000  7.070000  17.000000
29.000000  67.000000  0.134000  8.740000  9.130000  16.200000
29.000000  69.000000  0.159000  8.700000  8.240000  14.600000
29.000000  79.000000  0.266000  8.500000  2.610000  6.480000
28.000000  56.000000  0.000000  8.640000  16.600000  30.800000
28.000000  57.000000  0.017500  8.670000  10.200000  26.900000
28.000000  58.000000  0.034500  8.730000  12.200000  22.500000
28.000000  59.000000  0.050800  8.740000  9.000000  21.200000
28.000000  60.000000  0.066700  8.780000  11.400000  20.400000
28.000000  61.000000  0.082000  8.770000  7.820000  19.200000
28.000000  62.000000  0.096800  8.790000  10.600000  18.400000
28.000000  63.000000  0.111000  8.760000  6.840000  17.400000
28.000000  64.000000  0.125000  8.780000  9.660000  16.500000
28.000000  65.000000  0.138000  8.740000  6.100000  15.800000
28.000000  66.000000  0.152000  8.740000  8.950000  15.100000
28.000000  68.000000  0.176000  8.680000  7.790000  13.600000
28.000000  79.000000  0.291000  8.500000  6.730000  9.510000
27.000000  55.000000  0.018200  8.670000  14.100000  27.500000
27.000000  56.000000  0.035700  8.690000  10.100000  24.200000
27.000000  57.000000  0.052600  8.740000  11.400000  21.500000
27.000000  58.000000  0.069000  8.740000  8.570000  19.900000
27.000000  59.000000  0.084700  8.770000  10.500000  19.000000
27.000000  60.000000  0.100000  8.750000  7.490000  17.900000
27.000000  61.000000  0.115000  8.760000  9.320000  16.800000
27.000000  62.000000  0.129000  8.720000  6.600000  15.900000
26.000000  52.000000  0.000000  8.610000  16.200000  30.000000
26.000000  53.000000  0.018900  8.650000  10.700000  26.900000
26.000000  54.000000  0.037000  8.740000  13.400000  24.100000
26.000000  55.000000  0.054500  8.750000  9.300000  22.700000
26.000000  56.000000  0.071400  8.790000  11.200000  20.500000
26.000000  57.000000  0.087700  8.770000  7.650000  18.800000
26.000000  58.000000  0.103000  8.790000  10.000000  17.700000
26.000000  59.000000  0.119000  8.750000  6.580000  16.600000
26.000000  60.000000  0.133000  8.760000  8.820000  15.400000
26.000000  61.000000  0.148000  8.700000  5.580000  14.400000
25.000000  51.000000  0.019600  8.630000  13.700000  26.800000
25.000000  52.000000  0.038500  8.670000  10.500000  24.200000
25.000000  53.000000  0.056600  8.730000  12.100000  22.600000
25.000000  54.000000  0.074100  8.740000  8.940000  21.000000
25.000000  55.000000  0.090900  8.770000  10.200000  19.200000
25.000000  56.000000  0.107000  8.740000  7.270000  17.500000
25.000000  57.000000  0.123000  8.740000  8.650000  15.900000
24.000000  48.000000  0.000000  8.570000  16.300000  29.500000
24.000000  49.000000  0.020400  8.610000  10.600000  26.900000
24.000000  50.000000  0.040000  8.700000  13.000000  23.600000
24.000000  51.000000  0.058800  8.710000  9.260000  22.300000
24.000000  52.000000  0.076900  8.780000  12.000000  21.300000
24.000000  53.000000  0.094300  8.760000  7.940000  20.000000
24.000000  54.000000  0.111000  8.780000  9.720000  17.700000
24.000000  55.000000  0.127000  8.730000  6.250000  16.000000
24.000000  56.000000  0.143000  8.720000  8.250000  14.500000
24.000000  65.000000  0.262000  8.530000  5.250000  7.770000
23.000000  47.000000  0.021300  8.580000  13.000000  26.300000
23.000000  48.000000  0.041700  8.620000  10.500000  23.500000
23.000000  49.000000  0.061200  8.680000  11.600000  22.100000
23.000000  50.000000  0.080000  8.700000  9.330000  20.900000
23.000000  51.000000  0.098000  8.740000  11.100000  20.400000
23.000000  52.000000  0.115000  8.710000  7.310000  18.400000
23.000000  53.000000  0.132000  8.710000  8.480000  15.800000
23.000000  65.000000  0.292000  8.530000  4.030000  9.460000
22.000000  44.000000  0.000000  8.530000  16.300000  28.600000
22.000000  45.000000  0.022200  8.560000  9.530000  25.800000
22.000000  46.000000  0.043500  8.660000  13.200000  22.700000
22.000000  47.000000  0.063800  8.660000  8.880000  22.100000
22.000000  48.000000  0.083300  8.720000  11.600000  20.500000
22.000000  49.000000  0.102000  8.710000  8.140000  19.800000
22.000000  50.000000  0.120000  8.760000  10.900000  19.100000
22.000000  51.000000  0.137000  8.710000  6.370000  17.300000
22.000000  52.000000  0.154000  8.690000  7.810000  14.200000
21.000000  43.000000  0.023300  8.530000  12.100000  23.700000
21.000000  44.000000  0.045500  8.560000  9.700000  21.800000
21.000000  45.000000  0.066700  8.620000  11.300000  21.000000
21.000000  46.000000  0.087000  8.620000  8.760000  20.100000
21.000000  47.000000  0.106000  8.670000  10.600000  19.400000
21.000000  48.000000  0.125000  8.660000  8.240000  18.900000
21.000000  49.000000  0.143000  8.690000  10.100000  18.400000
21.000000  50.000000  0.160000  8.630000  6.060000  16.200000
20.000000  40.000000  0.000000  8.550000  15.600000  28.900000
20.000000  41.000000  0.024400  8.550000  8.360000  24.000000
20.000000  42.000000  0.047600  8.620000  11.500000  19.800000
20.000000  43.000000  0.069800  8.600000  7.930000  19.400000
20.000000  44.000000  0.090900  8.660000  11.100000  19.100000
20.000000  45.000000  0.111000  8.630000  7.410000  18.500000
20.000000  46.000000  0.130000  8.670000  10.400000  17.800000
20.000000  47.000000  0.149000  8.640000  7.280000  17.700000
20.000000  48.000000  0.167000  8.670000  9.950000  17.200000
20.000000  49.000000  0.184000  8.590000  5.150000  15.100000
19.000000  38.000000  0.000000  8.440000  12.100000  27.500000
19.000000  39.000000  0.025600  8.560000  13.100000  25.100000
19.000000  40.000000  0.050000  8.540000  7.800000  20.900000
19.000000  41.000000  0.073200  8.580000  10.100000  17.900000
19.000000  42.000000  0.095200  8.550000  7.530000  17.600000
19.000000  43.000000  0.116000  8.580000  9.620000  17.200000
19.000000  44.000000  0.136000  8.550000  7.280000  16.900000
19.000000  45.000000  0.156000  8.550000  8.910000  16.200000
18.000000  36.000000  0.000000  8.520000  15.300000  28.000000
18.000000  37.000000  0.027000  8.530000  8.790000  24.000000
18.000000  38.000000  0.052600  8.610000  11.800000  20.600000
18.000000  39.000000  0.076900  8.560000  6.600000  18.400000
18.000000  40.000000  0.100000  8.600000  9.870000  16.500000
18.000000  41.000000  0.122000  8.530000  6.100000  16.000000
18.000000  42.000000  0.143000  8.560000  9.430000  15.500000
18.000000  43.000000  0.163000  8.490000  5.660000  15.100000
18.000000  44.000000  0.182000  8.490000  8.730000  14.400000
17.000000  35.000000  0.028600  8.520000  12.600000  24.200000
17.000000  36.000000  0.055600  8.520000  8.580000  21.200000
17.000000  37.000000  0.081100  8.570000  10.300000  18.900000
17.000000  38.000000  0.105000  8.510000  6.110000  16.400000
17.000000  39.000000  0.128000  8.490000  8.070000  14.200000
17.000000  40.000000  0.150000  8.430000  5.830000  13.900000
16.000000  32.000000  0.000000  8.490000  15.000000  28.100000
16.000000  33.000000  0.030300  8.500000  8.640000  23.700000
16.000000  34.000000  0.058800  8.580000  11.400000  20.100000
16.000000  35.000000  0.085700  8.540000  6.990000  18.400000
16.000000  36.000000  0.111000  8.580000  9.890000  16.900000
16.000000  37.000000  0.135000  8.460000  4.300000  14.200000
16.000000  38.000000  0.158000  8.450000  8.040000  12.300000
15.000000  30.000000  0.000000  8.350000  11.300000  29.200000
15.000000  31.000000  0.032300  8.480000  12.300000  23.600000
15.000000  32.000000  0.062500  8.460000  7.940000  20.200000
15.000000  33.000000  0.090900  8.510000  10.100000  18.000000
14.000000  28.000000  0.000000  8.450000  17.200000  30.500000
14.000000  29.000000  0.034500  8.450000  8.470000  25.700000
14.000000  30.000000  0.066700  8.520000  10.600000  19.100000
14.000000  31.000000  0.096800  8.460000  6.590000  17.200000
14.000000  32.000000  0.125000  8.480000  9.200000  15.800000
13.000000  26.000000  0.000000  8.150000  11.400000  28.300000
13.000000  27.000000  0.037000  8.330000  13.100000  24.400000
13.000000  28.000000  0.071400  8.310000  7.730000  20.800000
13.000000  29.000000  0.103000  8.350000  9.430000  17.200000
12.000000  24.000000  0.000000  8.260000  16.500000  29.700000
12.000000  25.000000  0.040000  8.220000  7.330000  23.900000
12.000000  26.000000  0.076900  8.330000  11.100000  18.400000
12.000000  27.000000  0.111000  8.260000  6.440000  17.500000
12.000000  28.000000  0.143000  8.270000  8.500000  14.900000
11.000000  22.000000  0.000000  7.920000  11.100000  28.200000
11.000000  23.000000  0.043500  8.110000  12.400000  23.500000
11.000000  24.000000  0.083300  8.060000  6.960000  19.400000
10.000000  20.000000  0.000000  8.030000  16.900000  28.500000
10.000000  21.000000  0.047600  7.970000  6.760000  23.600000
10.000000  22.000000  0.090900  8.080000  10.400000  17.100000
10.000000  24.000000  0.167000  7.990000  8.870000  14.100000
9.000000  18.000000  0.000000  7.630000  9.150000  25.900000
9.000000  19.000000  0.052600  7.780000  10.400000  19.600000
8.000000  16.000000  0.000000  7.980000  15.700000  28.900000
8.000000  17.000000  0.058800  7.750000  4.140000  19.800000
8.000000  18.000000  0.111000  7.770000  8.050000  12.200000
7.000000  14.000000  0.000000  7.480000  10.600000  30.600000
7.000000  15.000000  0.066700  7.700000  10.800000  21.400000
6.000000  12.000000  0.000000  7.680000  18.700000  31.800000
6.000000  13.000000  0.076900  7.470000  4.950000  23.700000
6.000000  14.000000  0.143000  7.520000  8.180000  13.100000
5.000000  10.000000  0.000000  6.480000  8.440000  27.000000
5.000000  11.000000  0.090900  6.930000  11.500000  19.900000
4.000000  9.000000  0.111000  6.460000  1.660000  20.600000
4.000000  10.000000  0.200000  6.500000  6.810000  8.480000
3.000000  6.000000  0.000000  5.330000  5.660000  27.400000
3.000000  7.000000  0.143000  5.610000  7.250000  12.900000
2.000000  4.000000  0.000000  7.070000  20.600000  0.000000
13.000000  27.000000  0.037000  8.330000  13.100000  24.400000
14.000000  28.000000  0.000000  8.450000  17.200000  30.500000
16.000000  32.000000  0.000000  8.490000  15.000000  28.100000
20.000000  40.000000  0.000000  8.550000  15.600000  28.900000
25.000000  55.000000  0.090900  8.770000  10.200000  19.200000
30.000000  65.000000  0.076900  8.720000  7.980000  19.800000
4.000000  9.000000  0.111000  6.460000  1.660000  20.600000
6.000000  12.000000  0.000000  7.680000  18.700000  31.800000
62.000000  154.000000  0.195000  8.230000  7.970000  13.800000
64.000000  156.000000  0.179000  8.220000  8.540000  15.000000
67.000000  165.000000  0.188000  8.150000  7.990000  14.700000
68.000000  168.000000  0.190000  8.130000  7.770000  14.200000
7.000000  14.000000  0.000000  7.480000  10.600000  30.600000
70.000000  174.000000  0.195000  8.080000  7.460000  13.800000
72.000000  178.000000  0.191000  8.050000  7.630000  14.000000
72.000000  180.000000  0.200000  8.030000  7.390000  13.500000
73.000000  181.000000  0.193000  8.020000  7.580000  14.200000
74.000000  182.000000  0.187000  8.020000  8.080000  14.800000
74.000000  184.000000  0.196000  8.010000  7.410000  13.600000
74.000000  186.000000  0.204000  7.990000  7.190000  12.900000
79.000000  197.000000  0.198000  7.920000  8.070000  14.700000
8.000000  16.000000  0.000000  7.980000  15.700000  28.900000
9.000000  19.000000  0.052600  7.780000  10.400000  19.600000
92.000000  233.000000  0.210000  7.600000  5.760000  13.000000
92.000000  238.000000  0.227000  7.570000  6.150000  11.300000
94.000000  239.000000  0.213000  7.560000  5.650000  12.600000
12.000000  25.000000  0.040000  8.220000  7.330000  23.900000
12.000000  26.000000  0.076900  8.330000  11.100000  18.400000
14.000000  30.000000  0.066700  8.520000  10.600000  19.100000
15.000000  31.000000  0.032300  8.480000  12.300000  23.600000
18.000000  40.000000  0.100000  8.600000  9.870000  16.500000
21.000000  45.000000  0.066700  8.620000  11.300000  21.000000
23.000000  51.000000  0.098000  8.740000  11.100000  20.400000
25.000000  55.000000  0.090900  8.770000  10.200000  19.200000
27.000000  59.000000  0.084700  8.770000  10.500000  19.000000
28.000000  60.000000  0.066700  8.780000  11.400000  20.400000
29.000000  63.000000  0.079400  8.750000  10.900000  19.700000
29.000000  65.000000  0.108000  8.760000  9.910000  17.800000
3.000000  6.000000  0.000000  5.330000  5.660000  27.400000
3.000000  7.000000  0.143000  5.610000  7.250000  12.900000
30.000000  64.000000  0.062500  8.740000  11.900000  21.000000
32.000000  70.000000  0.085700  8.720000  11.500000  19.700000
32.000000  72.000000  0.111000  8.730000  10.800000  18.200000
32.000000  74.000000  0.135000  8.730000  10.200000  17.000000
32.000000  76.000000  0.158000  8.710000  9.430000  15.900000
33.000000  75.000000  0.120000  8.700000  10.200000  18.200000
34.000000  76.000000  0.105000  8.710000  11.200000  19.200000
34.000000  78.000000  0.128000  8.720000  10.500000  17.900000
34.000000  82.000000  0.171000  8.690000  9.280000  16.000000
39.000000  89.000000  0.124000  8.710000  11.500000  20.800000
4.000000  9.000000  0.111000  6.460000  1.660000  20.600000
40.000000  90.000000  0.111000  8.710000  12.000000  21.300000
40.000000  91.000000  0.121000  8.690000  7.190000  19.200000
40.000000  92.000000  0.130000  8.690000  8.630000  15.800000
40.000000  94.000000  0.149000  8.670000  8.220000  15.000000
41.000000  93.000000  0.118000  8.660000  8.830000  16.700000
42.000000  100.000000  0.160000  8.600000  8.290000  14.200000
42.000000  92.000000  0.087000  8.660000  12.700000  22.800000
42.000000  94.000000  0.106000  8.660000  9.680000  17.700000
42.000000  96.000000  0.125000  8.650000  9.150000  16.500000
42.000000  98.000000  0.143000  8.640000  8.640000  15.500000
45.000000  103.000000  0.126000  8.580000  9.320000  16.800000
47.000000  107.000000  0.121000  8.550000  9.540000  17.500000
49.000000  115.000000  0.148000  8.520000  9.040000  16.300000
5.000000  10.000000  0.000000  6.480000  8.440000  27.000000
5.000000  11.000000  0.090900  6.930000  11.500000  19.900000
50.000000  116.000000  0.138000  8.520000  9.560000  17.100000
50.000000  117.000000  0.145000  8.510000  6.940000  16.500000
50.000000  118.000000  0.153000  8.520000  9.330000  16.300000
50.000000  119.000000  0.160000  8.500000  6.480000  15.800000
50.000000  120.000000  0.167000  8.500000  9.100000  15.600000
50.000000  124.000000  0.194000  8.470000  8.490000  14.400000
52.000000  124.000000  0.161000  8.470000  9.420000  16.400000
52.000000  126.000000  0.175000  8.460000  9.110000  15.700000
52.000000  128.000000  0.188000  8.450000  8.780000  15.100000
52.000000  130.000000  0.200000  8.430000  8.420000  14.500000
53.000000  127.000000  0.165000  8.450000  9.140000  16.300000
55.000000  133.000000  0.173000  8.410000  8.990000  16.200000
56.000000  138.000000  0.188000  8.390000  8.610000  15.500000
57.000000  139.000000  0.180000  8.380000  8.780000  16.200000
58.000000  140.000000  0.171000  8.380000  9.200000  16.600000
58.000000  142.000000  0.183000  8.350000  7.170000  12.600000
59.000000  141.000000  0.163000  8.350000  9.400000  17.300000
6.000000  13.000000  0.076900  7.470000  4.950000  23.700000
6.000000  14.000000  0.143000  7.520000  8.180000  13.100000
60.000000  142.000000  0.155000  8.350000  9.830000  17.800000
60.000000  143.000000  0.161000  8.330000  6.120000  16.000000
60.000000  144.000000  0.167000  8.330000  7.820000  13.900000
60.000000  145.000000  0.172000  8.310000  5.760000  13.600000
60.000000  148.000000  0.189000  8.280000  7.330000  12.600000
60.000000  150.000000  0.200000  8.250000  7.380000  12.400000
62.000000  144.000000  0.139000  8.300000  10.500000  19.100000
62.000000  148.000000  0.162000  8.280000  8.140000  14.500000
62.000000  150.000000  0.173000  8.260000  7.990000  13.900000
62.000000  152.000000  0.184000  8.240000  8.260000  13.900000
62.000000  154.000000  0.195000  8.230000  7.970000  13.800000
63.000000  153.000000  0.176000  8.230000  8.550000  14.900000
64.000000  160.000000  0.200000  8.180000  7.450000  13.400000
65.000000  159.000000  0.182000  8.190000  8.130000  14.900000
67.000000  165.000000  0.188000  8.150000  7.990000  14.700000
7.000000  15.000000  0.066700  7.700000  10.800000  21.400000
73.000000  181.000000  0.193000  8.020000  7.580000  14.200000
74.000000  186.000000  0.204000  7.990000  7.190000  12.900000
76.000000  186.000000  0.183000  7.980000  8.270000  14.900000
76.000000  188.000000  0.191000  7.970000  7.990000  14.300000
76.000000  189.000000  0.196000  7.960000  5.920000  13.900000
76.000000  190.000000  0.200000  7.960000  7.790000  13.700000
76.000000  192.000000  0.208000  7.950000  7.560000  13.300000
79.000000  197.000000  0.198000  7.920000  8.070000  14.700000
8.000000  18.000000  0.111000  7.770000  8.050000  12.200000
82.000000  206.000000  0.204000  7.880000  8.090000  14.800000
82.000000  207.000000  0.208000  7.870000  6.740000  14.800000
82.000000  208.000000  0.212000  7.870000  7.370000  14.100000
83.000000  209.000000  0.206000  7.850000  7.460000  14.300000
9.000000  19.000000  0.052600  7.780000  10.400000  19.600000
90.000000  232.000000  0.224000  7.620000  6.440000  11.600000
92.000000  233.000000  0.210000  7.600000  5.760000  13.000000
92.000000  234.000000  0.214000  7.600000  6.850000  12.600000
92.000000  235.000000  0.217000  7.590000  5.300000  12.100000
92.000000  236.000000  0.220000  7.590000  6.550000  11.800000
92.000000  238.000000  0.227000  7.570000  6.150000  11.300000
93.000000  237.000000  0.215000  7.570000  6.580000  12.300000
94.000000  239.000000  0.213000  7.560000  5.650000  12.600000
11.000000  23.000000  0.043500  8.110000  12.400000  23.500000
12.000000  24.000000  0.000000  8.260000  16.500000  29.700000
13.000000  27.000000  0.037000  8.330000  13.100000  24.400000
14.000000  28.000000  0.000000  8.450000  17.200000  30.500000
16.000000  34.000000  0.058800  8.580000  11.400000  20.100000
20.000000  40.000000  0.000000  8.550000  15.600000  28.900000
20.000000  48.000000  0.167000  8.670000  9.950000  17.200000
26.000000  54.000000  0.037000  8.740000  13.400000  24.100000
27.000000  59.000000  0.084700  8.770000  10.500000  19.000000
30.000000  64.000000  0.062500  8.740000  11.900000  21.000000
32.000000  70.000000  0.085700  8.720000  11.500000  19.700000
32.000000  72.000000  0.111000  8.730000  10.800000  18.200000
32.000000  74.000000  0.135000  8.730000  10.200000  17.000000
32.000000  76.000000  0.158000  8.710000  9.430000  15.900000
46.000000  108.000000  0.148000  8.570000  9.220000  15.800000
54.000000  134.000000  0.194000  8.410000  8.550000  15.000000
54.000000  143.000000  0.245000  8.200000  3.040000  8.150000
7.000000  15.000000  0.066700  7.700000  10.800000  21.400000
8.000000  16.000000  0.000000  7.980000  15.700000  28.900000
9.000000  19.000000  0.052600  7.780000  10.400000  19.600000
11.000000  23.000000  0.043500  8.110000  12.400000  23.500000
12.000000  24.000000  0.000000  8.260000  16.500000  29.700000
12.000000  25.000000  0.040000  8.220000  7.330000  23.900000
12.000000  26.000000  0.076900  8.330000  11.100000  18.400000
14.000000  29.000000  0.034500  8.450000  8.470000  25.700000
15.000000  31.000000  0.032300  8.480000  12.300000  23.600000
16.000000  34.000000  0.058800  8.580000  11.400000  20.100000
20.000000  44.000000  0.090900  8.660000  11.100000  19.100000
22.000000  48.000000  0.083300  8.720000  11.600000  20.500000
22.000000  50.000000  0.120000  8.760000  10.900000  19.100000
23.000000  51.000000  0.098000  8.740000  11.100000  20.400000
24.000000  52.000000  0.076900  8.780000  12.000000  21.300000
25.000000  55.000000  0.090900  8.770000  10.200000  19.200000
27.000000  59.000000  0.084700  8.770000  10.500000  19.000000
28.000000  58.000000  0.034500  8.730000  12.200000  22.500000
28.000000  60.000000  0.066700  8.780000  11.400000  20.400000
3.000000  6.000000  0.000000  5.330000  5.660000  27.400000
3.000000  7.000000  0.143000  5.610000  7.250000  12.900000
30.000000  64.000000  0.062500  8.740000  11.900000  21.000000
30.000000  68.000000  0.118000  8.760000  10.200000  17.300000
34.000000  80.000000  0.150000  8.710000  9.910000  16.900000
38.000000  86.000000  0.116000  8.710000  11.500000  20.000000
38.000000  87.000000  0.126000  8.710000  8.430000  19.900000
38.000000  88.000000  0.136000  8.730000  11.100000  19.500000
39.000000  89.000000  0.124000  8.710000  11.500000  20.800000
4.000000  9.000000  0.111000  6.460000  1.660000  20.600000
40.000000  90.000000  0.111000  8.710000  12.000000  21.300000
40.000000  91.000000  0.121000  8.690000  7.190000  19.200000
40.000000  92.000000  0.130000  8.690000  8.630000  15.800000
42.000000  92.000000  0.087000  8.660000  12.700000  22.800000
42.000000  98.000000  0.143000  8.640000  8.640000  15.500000
45.000000  103.000000  0.126000  8.580000  9.320000  16.800000
46.000000  108.000000  0.148000  8.570000  9.220000  15.800000
47.000000  109.000000  0.138000  8.550000  9.180000  16.500000
5.000000  10.000000  0.000000  6.480000  8.440000  27.000000
5.000000  11.000000  0.090900  6.930000  11.500000  19.900000
50.000000  112.000000  0.107000  8.510000  10.800000  19.000000
50.000000  114.000000  0.123000  8.520000  10.300000  18.000000
50.000000  116.000000  0.138000  8.520000  9.560000  17.100000
50.000000  117.000000  0.145000  8.510000  6.940000  16.500000
50.000000  118.000000  0.153000  8.520000  9.330000  16.300000
50.000000  119.000000  0.160000  8.500000  6.480000  15.800000
50.000000  120.000000  0.167000  8.500000  9.100000  15.600000
50.000000  122.000000  0.180000  8.490000  8.820000  15.000000
50.000000  124.000000  0.194000  8.470000  8.490000  14.400000
59.000000  141.000000  0.163000  8.350000  9.400000  17.300000
6.000000  13.000000  0.076900  7.470000  4.950000  23.700000
60.000000  146.000000  0.178000  8.300000  7.570000  13.300000
60.000000  148.000000  0.189000  8.280000  7.330000  12.600000
60.000000  150.000000  0.200000  8.250000  7.380000  12.400000
62.000000  148.000000  0.162000  8.280000  8.140000  14.500000
62.000000  150.000000  0.173000  8.260000  7.990000  13.900000
62.000000  152.000000  0.184000  8.240000  8.260000  13.900000
62.000000  154.000000  0.195000  8.230000  7.970000  13.800000
63.000000  151.000000  0.166000  8.240000  7.930000  14.400000
63.000000  153.000000  0.176000  8.230000  8.550000  14.900000
64.000000  152.000000  0.158000  8.230000  8.590000  15.100000
64.000000  154.000000  0.169000  8.220000  8.890000  15.100000
64.000000  156.000000  0.179000  8.220000  8.540000  15.000000
64.000000  158.000000  0.190000  8.200000  7.940000  14.300000
65.000000  159.000000  0.182000  8.190000  8.130000  14.900000
67.000000  165.000000  0.188000  8.150000  7.990000  14.700000
68.000000  166.000000  0.181000  8.140000  8.480000  15.100000
7.000000  15.000000  0.066700  7.700000  10.800000  21.400000
70.000000  170.000000  0.176000  8.110000  8.460000  15.300000
70.000000  171.000000  0.181000  8.100000  6.610000  15.100000
70.000000  172.000000  0.186000  8.100000  8.020000  14.600000
70.000000  173.000000  0.191000  8.090000  6.370000  14.400000
70.000000  174.000000  0.195000  8.080000  7.460000  13.800000
70.000000  176.000000  0.205000  8.060000  6.870000  12.700000
72.000000  178.000000  0.191000  8.050000  7.630000  14.000000
73.000000  181.000000  0.193000  8.020000  7.580000  14.200000
74.000000  182.000000  0.187000  8.020000  8.080000  14.800000
74.000000  184.000000  0.196000  8.010000  7.410000  13.600000
74.000000  186.000000  0.204000  7.990000  7.190000  12.900000
75.000000  185.000000  0.189000  7.990000  7.670000  14.200000
75.000000  187.000000  0.198000  7.980000  7.360000  13.500000
76.000000  190.000000  0.200000  7.960000  7.790000  13.700000
77.000000  191.000000  0.194000  7.950000  8.030000  14.400000
77.000000  193.000000  0.202000  7.940000  7.770000  14.000000
78.000000  194.000000  0.196000  7.940000  8.350000  14.600000
78.000000  195.000000  0.200000  7.930000  6.110000  14.500000
78.000000  196.000000  0.204000  7.930000  7.920000  14.000000
78.000000  198.000000  0.212000  7.910000  7.560000  13.400000
79.000000  197.000000  0.198000  7.920000  8.070000  14.700000
8.000000  20.000000  0.200000  7.570000  7.610000  11.600000
8.000000  22.000000  0.273000  7.360000  6.850000  10.700000
81.000000  203.000000  0.202000  7.890000  7.850000  14.700000
81.000000  205.000000  0.210000  7.880000  7.550000  14.200000
82.000000  206.000000  0.204000  7.880000  8.090000  14.800000
82.000000  208.000000  0.212000  7.870000  7.370000  14.100000
9.000000  19.000000  0.052600  7.780000  10.400000  19.600000
90.000000  232.000000  0.224000  7.620000  6.440000  11.600000
92.000000  233.000000  0.210000  7.600000  5.760000  13.000000
92.000000  238.000000  0.227000  7.570000  6.150000  11.300000
94.000000  239.000000  0.213000  7.560000  5.650000  12.600000
